   25.00000
   75.00000
  125.00000
  175.00000
  225.00000
  275.00000
  325.00000
  375.00000
  425.00000
  475.00000
  525.00000
  575.00000
  625.00000
  675.00000
  725.00000
  775.00000
  826.79370
  882.91284
  945.10834
 1015.75592
 1098.00073
 1195.86438
 1314.24536
 1458.71875
 1635.04846
 1848.40234
 2102.41528
 2398.40234
 2735.04834
 3108.71875
 3514.24536
 3945.86450
 4398.00098
 4865.75586
 5345.10840
 5832.91309
 6326.79395
 6825.00000
 7325.00000
 7825.00000
 8325.00000
 8825.00000
 9325.00000
 9825.00000
10325.00000
10825.00000
11325.00000
11825.00000
12325.00000
12825.00000
13325.00000
13825.00000
14325.00000
14825.00000
15325.00000
15825.00000
16325.00000
16825.00000
17325.00000
17825.00000
18325.00000
18825.00000
19325.00000
19825.00000
20325.00000
20825.00000
21325.00000
21825.00000
22325.00000
22825.00000
23325.00000
23825.00000
24325.00000
24825.00000
25325.00000
25825.00000
26325.00000
26825.00000
27325.00000
27825.00000
28325.00000
28825.00000
29325.00000
29825.00000
30325.00000
30825.00000
31325.00000
31825.00000
32325.00000
32825.00000
33325.00000
33825.00000
34325.00000
34825.00000
35325.00000
35825.00000
36325.00000
36825.00000
37325.00000
37825.00000
38325.00000
38825.00000
39325.00000
39825.00000
40325.00000
40825.00000
