z[m] p[mb] tpls[K] qls[g/kg] uls vls wls
0.00 80 1008.29
 -999.90     1002.68      302.54       20.11        0.00        0.00        0.00
 -999.90      997.10      302.51       19.63        0.00        0.00        0.00
 -999.90      991.54      302.55       19.44        0.00        0.00        0.00
 -999.90      986.00      302.58       19.33        0.00        0.00        0.00
 -999.90      980.48      302.63       19.23        0.00        0.00        0.00
 -999.90      974.99      302.68       19.13        0.00        0.00        0.00
 -999.90      969.52      302.73       19.01        0.00        0.00        0.00
 -999.90      964.07      302.80       18.88        0.00        0.00        0.00
 -999.90      958.64      302.87       18.73        0.00        0.00        0.00
 -999.90      953.24      302.96       18.55        0.00        0.00        0.00
 -999.90      947.86      303.07       18.32        0.00        0.00        0.00
 -999.90      942.51      303.20       18.05        0.00        0.00        0.00
 -999.90      937.17      303.35       17.73        0.00        0.00        0.00
 -999.90      931.86      303.53       17.37        0.00        0.00        0.00
 -999.90      926.58      303.74       16.98        0.00        0.00        0.00
 -999.90      921.31      303.96       16.59        0.00        0.00        0.00
 -999.90      916.08      304.20       16.20        0.00        0.00        0.00
 -999.90      910.86      304.44       15.84        0.00        0.00        0.00
 -999.90      905.67      304.69       15.48        0.00        0.00        0.00
 -999.90      900.51      304.93       15.17        0.00        0.00        0.00
 -999.90      895.37      305.21       14.82        0.00        0.00        0.00
 -999.90      882.25      305.82       14.14        0.00        0.00        0.00
 -999.90      861.46      306.98       13.00        0.00        0.00        0.00
 -999.90      833.47      308.70       11.40        0.00        0.00        0.00
 -999.90      798.92      310.96        9.51        0.00        0.00        0.00
 -999.90      758.57      313.58        7.68        0.00        0.00        0.00
 -999.90      713.29      316.21        6.24        0.00        0.00        0.00
 -999.90      664.01      319.03        5.11        0.00        0.00        0.00
 -999.90      617.61      321.86        4.20        0.00        0.00        0.00
 -999.90      573.91      324.64        3.46        0.00        0.00        0.00
 -999.90      532.80      327.42        2.81        0.00        0.00        0.00
 -999.90      494.13      330.23        2.23        0.00        0.00        0.00
 -999.90      457.79      333.06        1.72        0.00        0.00        0.00
 -999.90      423.67      335.88        1.28        0.00        0.00        0.00
 -999.90      391.67      338.60        0.95        0.00        0.00        0.00
 -999.90      361.67      341.11        0.71        0.00        0.00        0.00
 -999.90      333.56      343.37        0.54        0.00        0.00        0.00
 -999.90      307.19      345.33        0.41        0.00        0.00        0.00
 -999.90      282.48      347.13        0.31        0.00        0.00        0.00
 -999.90      259.32      348.90        0.22        0.00        0.00        0.00
 -999.90      237.63      350.73        0.15        0.00        0.00        0.00
 -999.90      217.36      352.62        0.09        0.00        0.00        0.00
 -999.90      198.44      354.59        0.05        0.00        0.00        0.00
 -999.90      180.81      356.70        0.03        0.00        0.00        0.00
 -999.90      164.43      359.12        0.02        0.00        0.00        0.00
 -999.90      149.25      362.17        0.01        0.00        0.00        0.00
 -999.90      135.24      366.04        0.01        0.00        0.00        0.00
 -999.90      122.36      371.02        0.00        0.00        0.00        0.00
 -999.90      110.57      377.64        0.00        0.00        0.00        0.00
 -999.90       99.83      386.63        0.00        0.00        0.00        0.00
 -999.90       90.12      397.95        0.00        0.00        0.00        0.00
 -999.90       81.38      411.76        0.00        0.00        0.00        0.00
 -999.90       73.55      428.40        0.00        0.00        0.00        0.00
 -999.90       66.55      447.48        0.00        0.00        0.00        0.00
 -999.90       60.31      467.53        0.00        0.00        0.00        0.00
 -999.90       54.73      487.16        0.00        0.00        0.00        0.00
 -999.90       49.71      506.01        0.00        0.00        0.00        0.00
 -999.90       45.19      524.97        0.00        0.00        0.00        0.00
 -999.90       41.12      543.81        0.00        0.00        0.00        0.00
 -999.90       37.44      562.18        0.00        0.00        0.00        0.00
 -999.90       34.11      580.64        0.00        0.00        0.00        0.00
 -999.90       31.10      599.65        0.00        0.00        0.00        0.00
 -999.90       28.36      618.75        0.00        0.00        0.00        0.00
 -999.90       25.87      637.62        0.00        0.00        0.00        0.00
 -999.90       23.61      656.28        0.00        0.00        0.00        0.00
 -999.90       21.55      675.00        0.00        0.00        0.00        0.00
 -999.90       19.68      694.19        0.00        0.00        0.00        0.00
 -999.90       17.98      714.10        0.00        0.00        0.00        0.00
 -999.90       16.42      734.54        0.00        0.00        0.00        0.00
 -999.90       15.00      755.06        0.00        0.00        0.00        0.00
 -999.90       13.70      775.14        0.00        0.00        0.00        0.00
 -999.90       12.52      796.36        0.00        0.00        0.00        0.00
 -999.90       11.44      817.02        0.00        0.00        0.00        0.00
 -999.90       10.45      836.83        0.00        0.00        0.00        0.00
 -999.90        9.55      861.24        0.00        0.00        0.00        0.00
 -999.90        8.73      894.03        0.00        0.00        0.00        0.00
 -999.90        8.00      930.75        0.00        0.00        0.00        0.00
 -999.90        7.33      965.89        0.00        0.00        0.00        0.00
 -999.90        6.72     1000.81        0.00        0.00        0.00        0.00
 -999.90        6.18     1036.60        0.00        0.00        0.00        0.00
1000.00 80 1008.29
 -999.90     1002.68      302.54       20.11        0.00        0.00        0.00
 -999.90      997.10      302.51       19.63        0.00        0.00        0.00
 -999.90      991.54      302.55       19.44        0.00        0.00        0.00
 -999.90      986.00      302.58       19.33        0.00        0.00        0.00
 -999.90      980.48      302.63       19.23        0.00        0.00        0.00
 -999.90      974.99      302.68       19.13        0.00        0.00        0.00
 -999.90      969.52      302.73       19.01        0.00        0.00        0.00
 -999.90      964.07      302.80       18.88        0.00        0.00        0.00
 -999.90      958.64      302.87       18.73        0.00        0.00        0.00
 -999.90      953.24      302.96       18.55        0.00        0.00        0.00
 -999.90      947.86      303.07       18.32        0.00        0.00        0.00
 -999.90      942.51      303.20       18.05        0.00        0.00        0.00
 -999.90      937.17      303.35       17.73        0.00        0.00        0.00
 -999.90      931.86      303.53       17.37        0.00        0.00        0.00
 -999.90      926.58      303.74       16.98        0.00        0.00        0.00
 -999.90      921.31      303.96       16.59        0.00        0.00        0.00
 -999.90      916.08      304.20       16.20        0.00        0.00        0.00
 -999.90      910.86      304.44       15.84        0.00        0.00        0.00
 -999.90      905.67      304.69       15.48        0.00        0.00        0.00
 -999.90      900.51      304.93       15.17        0.00        0.00        0.00
 -999.90      895.37      305.21       14.82        0.00        0.00        0.00
 -999.90      882.25      305.82       14.14        0.00        0.00        0.00
 -999.90      861.46      306.98       13.00        0.00        0.00        0.00
 -999.90      833.47      308.70       11.40        0.00        0.00        0.00
 -999.90      798.92      310.96        9.51        0.00        0.00        0.00
 -999.90      758.57      313.58        7.68        0.00        0.00        0.00
 -999.90      713.29      316.21        6.24        0.00        0.00        0.00
 -999.90      664.01      319.03        5.11        0.00        0.00        0.00
 -999.90      617.61      321.86        4.20        0.00        0.00        0.00
 -999.90      573.91      324.64        3.46        0.00        0.00        0.00
 -999.90      532.80      327.42        2.81        0.00        0.00        0.00
 -999.90      494.13      330.23        2.23        0.00        0.00        0.00
 -999.90      457.79      333.06        1.72        0.00        0.00        0.00
 -999.90      423.67      335.88        1.28        0.00        0.00        0.00
 -999.90      391.67      338.60        0.95        0.00        0.00        0.00
 -999.90      361.67      341.11        0.71        0.00        0.00        0.00
 -999.90      333.56      343.37        0.54        0.00        0.00        0.00
 -999.90      307.19      345.33        0.41        0.00        0.00        0.00
 -999.90      282.48      347.13        0.31        0.00        0.00        0.00
 -999.90      259.32      348.90        0.22        0.00        0.00        0.00
 -999.90      237.63      350.73        0.15        0.00        0.00        0.00
 -999.90      217.36      352.62        0.09        0.00        0.00        0.00
 -999.90      198.44      354.59        0.05        0.00        0.00        0.00
 -999.90      180.81      356.70        0.03        0.00        0.00        0.00
 -999.90      164.43      359.12        0.02        0.00        0.00        0.00
 -999.90      149.25      362.17        0.01        0.00        0.00        0.00
 -999.90      135.24      366.04        0.01        0.00        0.00        0.00
 -999.90      122.36      371.02        0.00        0.00        0.00        0.00
 -999.90      110.57      377.64        0.00        0.00        0.00        0.00
 -999.90       99.83      386.63        0.00        0.00        0.00        0.00
 -999.90       90.12      397.95        0.00        0.00        0.00        0.00
 -999.90       81.38      411.76        0.00        0.00        0.00        0.00
 -999.90       73.55      428.40        0.00        0.00        0.00        0.00
 -999.90       66.55      447.48        0.00        0.00        0.00        0.00
 -999.90       60.31      467.53        0.00        0.00        0.00        0.00
 -999.90       54.73      487.16        0.00        0.00        0.00        0.00
 -999.90       49.71      506.01        0.00        0.00        0.00        0.00
 -999.90       45.19      524.97        0.00        0.00        0.00        0.00
 -999.90       41.12      543.81        0.00        0.00        0.00        0.00
 -999.90       37.44      562.18        0.00        0.00        0.00        0.00
 -999.90       34.11      580.64        0.00        0.00        0.00        0.00
 -999.90       31.10      599.65        0.00        0.00        0.00        0.00
 -999.90       28.36      618.75        0.00        0.00        0.00        0.00
 -999.90       25.87      637.62        0.00        0.00        0.00        0.00
 -999.90       23.61      656.28        0.00        0.00        0.00        0.00
 -999.90       21.55      675.00        0.00        0.00        0.00        0.00
 -999.90       19.68      694.19        0.00        0.00        0.00        0.00
 -999.90       17.98      714.10        0.00        0.00        0.00        0.00
 -999.90       16.42      734.54        0.00        0.00        0.00        0.00
 -999.90       15.00      755.06        0.00        0.00        0.00        0.00
 -999.90       13.70      775.14        0.00        0.00        0.00        0.00
 -999.90       12.52      796.36        0.00        0.00        0.00        0.00
 -999.90       11.44      817.02        0.00        0.00        0.00        0.00
 -999.90       10.45      836.83        0.00        0.00        0.00        0.00
 -999.90        9.55      861.24        0.00        0.00        0.00        0.00
 -999.90        8.73      894.03        0.00        0.00        0.00        0.00
 -999.90        8.00      930.75        0.00        0.00        0.00        0.00
 -999.90        7.33      965.89        0.00        0.00        0.00        0.00
 -999.90        6.72     1000.81        0.00        0.00        0.00        0.00
 -999.90        6.18     1036.60        0.00        0.00        0.00        0.00

