z[m] p[mb] tpls[K] qls[g/kg] uls vls wls
0.00 80 1008.29
 -999.90     1003.11      319.81       57.58        0.00        0.00        0.00
 -999.90      997.94      319.87       56.71        0.00        0.00        0.00
 -999.90      992.80      319.94       56.30        0.00        0.00        0.00
 -999.90      987.67      320.02       56.00        0.00        0.00        0.00
 -999.90      982.57      320.13       55.65        0.00        0.00        0.00
 -999.90      977.48      320.27       55.21        0.00        0.00        0.00
 -999.90      972.41      320.44       54.64        0.00        0.00        0.00
 -999.90      967.37      320.68       53.87        0.00        0.00        0.00
 -999.90      962.34      321.01       52.73        0.00        0.00        0.00
 -999.90      957.33      321.46       51.18        0.00        0.00        0.00
 -999.90      952.34      321.99       49.38        0.00        0.00        0.00
 -999.90      947.38      322.57       47.52        0.00        0.00        0.00
 -999.90      942.43      323.16       45.79        0.00        0.00        0.00
 -999.90      937.51      323.72       44.32        0.00        0.00        0.00
 -999.90      932.61      324.24       43.17        0.00        0.00        0.00
 -999.90      927.73      324.73       42.29        0.00        0.00        0.00
 -999.90      922.87      325.18       41.63        0.00        0.00        0.00
 -999.90      918.04      325.59       41.12        0.00        0.00        0.00
 -999.90      913.22      325.99       40.70        0.00        0.00        0.00
 -999.90      908.44      326.36       40.36        0.00        0.00        0.00
 -999.90      903.67      326.74       40.00        0.00        0.00        0.00
 -999.90      891.50      327.61       39.28        0.00        0.00        0.00
 -999.90      872.22      329.08       37.92        0.00        0.00        0.00
 -999.90      846.23      331.12       36.03        0.00        0.00        0.00
 -999.90      814.11      333.66       33.95        0.00        0.00        0.00
 -999.90      776.51      336.59       32.02        0.00        0.00        0.00
 -999.90      734.19      339.88       30.27        0.00        0.00        0.00
 -999.90      687.99      343.63       28.52        0.00        0.00        0.00
 -999.90      644.37      347.95       25.96        0.00        0.00        0.00
 -999.90      603.23      352.60       23.08        0.00        0.00        0.00
 -999.90      564.45      357.02       20.72        0.00        0.00        0.00
 -999.90      527.88      361.54       18.62        0.00        0.00        0.00
 -999.90      493.41      365.80       16.96        0.00        0.00        0.00
 -999.90      460.95      370.36       15.34        0.00        0.00        0.00
 -999.90      430.37      374.87       13.98        0.00        0.00        0.00
 -999.90      401.59      379.30       12.88        0.00        0.00        0.00
 -999.90      374.51      383.76       11.89        0.00        0.00        0.00
 -999.90      349.05      388.26       11.07        0.00        0.00        0.00
 -999.90      325.12      392.88       10.29        0.00        0.00        0.00
 -999.90      302.62      397.54        9.50        0.00        0.00        0.00
 -999.90      281.48      402.49        8.59        0.00        0.00        0.00
 -999.90      261.65      407.65        7.70        0.00        0.00        0.00
 -999.90      243.07      413.02        6.88        0.00        0.00        0.00
 -999.90      225.67      418.53        6.19        0.00        0.00        0.00
 -999.90      209.40      424.05        5.65        0.00        0.00        0.00
 -999.90      194.16      429.48        5.19        0.00        0.00        0.00
 -999.90      179.90      434.90        4.80        0.00        0.00        0.00
 -999.90      166.57      440.40        4.40        0.00        0.00        0.00
 -999.90      154.11      446.06        3.96        0.00        0.00        0.00
 -999.90      142.47      451.95        3.48        0.00        0.00        0.00
 -999.90      131.61      458.02        2.98        0.00        0.00        0.00
 -999.90      121.48      464.11        2.50        0.00        0.00        0.00
 -999.90      112.04      470.17        2.07        0.00        0.00        0.00
 -999.90      103.24      476.16        1.69        0.00        0.00        0.00
 -999.90       95.06      482.12        1.35        0.00        0.00        0.00
 -999.90       87.45      488.02        1.07        0.00        0.00        0.00
 -999.90       80.38      494.01        0.83        0.00        0.00        0.00
 -999.90       73.81      500.08        0.64        0.00        0.00        0.00
 -999.90       67.69      506.34        0.49        0.00        0.00        0.00
 -999.90       62.01      512.81        0.38        0.00        0.00        0.00
 -999.90       56.74      519.72        0.29        0.00        0.00        0.00
 -999.90       51.86      527.43        0.22        0.00        0.00        0.00
 -999.90       47.34      536.02        0.17        0.00        0.00        0.00
 -999.90       43.17      545.66        0.13        0.00        0.00        0.00
 -999.90       39.33      556.40        0.11        0.00        0.00        0.00
 -999.90       35.81      568.06        0.08        0.00        0.00        0.00
 -999.90       32.59      580.35        0.07        0.00        0.00        0.00
 -999.90       29.65      593.65        0.06        0.00        0.00        0.00
 -999.90       26.98      608.08        0.05        0.00        0.00        0.00
 -999.90       24.54      623.50        0.05        0.00        0.00        0.00
 -999.90       22.32      639.45        0.04        0.00        0.00        0.00
 -999.90       20.29      657.27        0.04        0.00        0.00        0.00
 -999.90       18.45      673.78        0.04        0.00        0.00        0.00
 -999.90       16.77      689.95        0.03        0.00        0.00        0.00
 -999.90       15.25      707.15        0.03        0.00        0.00        0.00
 -999.90       13.87      735.71        0.03        0.00        0.00        0.00
 -999.90       12.62      766.04        0.02        0.00        0.00        0.00
 -999.90       11.51      809.27        0.01        0.00        0.00        0.00
 -999.90       10.52      865.84        0.00        0.00        0.00        0.00
 -999.90        9.66      923.84        0.00        0.00        0.00        0.00
1000.00 80 1008.29
 -999.90     1003.11      319.81       57.58        0.00        0.00        0.00
 -999.90      997.94      319.87       56.71        0.00        0.00        0.00
 -999.90      992.80      319.94       56.30        0.00        0.00        0.00
 -999.90      987.67      320.02       56.00        0.00        0.00        0.00
 -999.90      982.57      320.13       55.65        0.00        0.00        0.00
 -999.90      977.48      320.27       55.21        0.00        0.00        0.00
 -999.90      972.41      320.44       54.64        0.00        0.00        0.00
 -999.90      967.37      320.68       53.87        0.00        0.00        0.00
 -999.90      962.34      321.01       52.73        0.00        0.00        0.00
 -999.90      957.33      321.46       51.18        0.00        0.00        0.00
 -999.90      952.34      321.99       49.38        0.00        0.00        0.00
 -999.90      947.38      322.57       47.52        0.00        0.00        0.00
 -999.90      942.43      323.16       45.79        0.00        0.00        0.00
 -999.90      937.51      323.72       44.32        0.00        0.00        0.00
 -999.90      932.61      324.24       43.17        0.00        0.00        0.00
 -999.90      927.73      324.73       42.29        0.00        0.00        0.00
 -999.90      922.87      325.18       41.63        0.00        0.00        0.00
 -999.90      918.04      325.59       41.12        0.00        0.00        0.00
 -999.90      913.22      325.99       40.70        0.00        0.00        0.00
 -999.90      908.44      326.36       40.36        0.00        0.00        0.00
 -999.90      903.67      326.74       40.00        0.00        0.00        0.00
 -999.90      891.50      327.61       39.28        0.00        0.00        0.00
 -999.90      872.22      329.08       37.92        0.00        0.00        0.00
 -999.90      846.23      331.12       36.03        0.00        0.00        0.00
 -999.90      814.11      333.66       33.95        0.00        0.00        0.00
 -999.90      776.51      336.59       32.02        0.00        0.00        0.00
 -999.90      734.19      339.88       30.27        0.00        0.00        0.00
 -999.90      687.99      343.63       28.52        0.00        0.00        0.00
 -999.90      644.37      347.95       25.96        0.00        0.00        0.00
 -999.90      603.23      352.60       23.08        0.00        0.00        0.00
 -999.90      564.45      357.02       20.72        0.00        0.00        0.00
 -999.90      527.88      361.54       18.62        0.00        0.00        0.00
 -999.90      493.41      365.80       16.96        0.00        0.00        0.00
 -999.90      460.95      370.36       15.34        0.00        0.00        0.00
 -999.90      430.37      374.87       13.98        0.00        0.00        0.00
 -999.90      401.59      379.30       12.88        0.00        0.00        0.00
 -999.90      374.51      383.76       11.89        0.00        0.00        0.00
 -999.90      349.05      388.26       11.07        0.00        0.00        0.00
 -999.90      325.12      392.88       10.29        0.00        0.00        0.00
 -999.90      302.62      397.54        9.50        0.00        0.00        0.00
 -999.90      281.48      402.49        8.59        0.00        0.00        0.00
 -999.90      261.65      407.65        7.70        0.00        0.00        0.00
 -999.90      243.07      413.02        6.88        0.00        0.00        0.00
 -999.90      225.67      418.53        6.19        0.00        0.00        0.00
 -999.90      209.40      424.05        5.65        0.00        0.00        0.00
 -999.90      194.16      429.48        5.19        0.00        0.00        0.00
 -999.90      179.90      434.90        4.80        0.00        0.00        0.00
 -999.90      166.57      440.40        4.40        0.00        0.00        0.00
 -999.90      154.11      446.06        3.96        0.00        0.00        0.00
 -999.90      142.47      451.95        3.48        0.00        0.00        0.00
 -999.90      131.61      458.02        2.98        0.00        0.00        0.00
 -999.90      121.48      464.11        2.50        0.00        0.00        0.00
 -999.90      112.04      470.17        2.07        0.00        0.00        0.00
 -999.90      103.24      476.16        1.69        0.00        0.00        0.00
 -999.90       95.06      482.12        1.35        0.00        0.00        0.00
 -999.90       87.45      488.02        1.07        0.00        0.00        0.00
 -999.90       80.38      494.01        0.83        0.00        0.00        0.00
 -999.90       73.81      500.08        0.64        0.00        0.00        0.00
 -999.90       67.69      506.34        0.49        0.00        0.00        0.00
 -999.90       62.01      512.81        0.38        0.00        0.00        0.00
 -999.90       56.74      519.72        0.29        0.00        0.00        0.00
 -999.90       51.86      527.43        0.22        0.00        0.00        0.00
 -999.90       47.34      536.02        0.17        0.00        0.00        0.00
 -999.90       43.17      545.66        0.13        0.00        0.00        0.00
 -999.90       39.33      556.40        0.11        0.00        0.00        0.00
 -999.90       35.81      568.06        0.08        0.00        0.00        0.00
 -999.90       32.59      580.35        0.07        0.00        0.00        0.00
 -999.90       29.65      593.65        0.06        0.00        0.00        0.00
 -999.90       26.98      608.08        0.05        0.00        0.00        0.00
 -999.90       24.54      623.50        0.05        0.00        0.00        0.00
 -999.90       22.32      639.45        0.04        0.00        0.00        0.00
 -999.90       20.29      657.27        0.04        0.00        0.00        0.00
 -999.90       18.45      673.78        0.04        0.00        0.00        0.00
 -999.90       16.77      689.95        0.03        0.00        0.00        0.00
 -999.90       15.25      707.15        0.03        0.00        0.00        0.00
 -999.90       13.87      735.71        0.03        0.00        0.00        0.00
 -999.90       12.62      766.04        0.02        0.00        0.00        0.00
 -999.90       11.51      809.27        0.01        0.00        0.00        0.00
 -999.90       10.52      865.84        0.00        0.00        0.00        0.00
 -999.90        9.66      923.84        0.00        0.00        0.00        0.00

