z[m] p[mb] tpls[K] qls[g/kg] uls vls wls
0.00 128 1008.29
 -999.90     1003.25      324.90       80.42        0.00        0.00        0.00
 -999.90      998.23      324.98       79.47        0.00        0.00        0.00
 -999.90      993.22      325.10       78.84        0.00        0.00        0.00
 -999.90      988.24      325.22       78.33        0.00        0.00        0.00
 -999.90      983.27      325.36       77.77        0.00        0.00        0.00
 -999.90      978.32      325.52       77.17        0.00        0.00        0.00
 -999.90      973.39      325.71       76.49        0.00        0.00        0.00
 -999.90      968.47      325.93       75.66        0.00        0.00        0.00
 -999.90      963.58      326.22       74.56        0.00        0.00        0.00
 -999.90      958.71      326.60       73.01        0.00        0.00        0.00
 -999.90      953.85      327.10       71.01        0.00        0.00        0.00
 -999.90      949.01      327.69       68.61        0.00        0.00        0.00
 -999.90      944.20      328.38       65.91        0.00        0.00        0.00
 -999.90      939.40      329.11       63.21        0.00        0.00        0.00
 -999.90      934.63      329.79       60.94        0.00        0.00        0.00
 -999.90      929.88      330.38       59.29        0.00        0.00        0.00
 -999.90      925.15      330.90       58.05        0.00        0.00        0.00
 -999.90      920.44      331.38       57.11        0.00        0.00        0.00
 -999.90      915.75      331.84       56.32        0.00        0.00        0.00
 -999.90      911.09      332.27       55.72        0.00        0.00        0.00
 -999.90      906.45      332.71       55.16        0.00        0.00        0.00
 -999.90      894.62      333.75       54.43        0.00        0.00        0.00
 -999.90      875.87      335.36       53.86        0.00        0.00        0.00
 -999.90      850.60      337.47       53.24        0.00        0.00        0.00
 -999.90      819.36      340.18       51.76        0.00        0.00        0.00
 -999.90      782.76      343.71       48.27        0.00        0.00        0.00
 -999.90      741.54      348.08       43.07        0.00        0.00        0.00
 -999.90      696.50      353.09       37.40        0.00        0.00        0.00
 -999.90      653.91      357.78       34.63        0.00        0.00        0.00
 -999.90      613.64      362.01       33.98        0.00        0.00        0.00
 -999.90      575.62      366.26       33.27        0.00        0.00        0.00
 -999.90      539.72      370.76       32.24        0.00        0.00        0.00
 -999.90      505.82      375.44       31.01        0.00        0.00        0.00
 -999.90      473.82      380.38       29.03        0.00        0.00        0.00
 -999.90      443.63      385.61       26.54        0.00        0.00        0.00
 -999.90      415.19      390.99       23.79        0.00        0.00        0.00
 -999.90      388.40      396.69       20.75        0.00        0.00        0.00
 -999.90      363.19      402.47       18.03        0.00        0.00        0.00
 -999.90      339.45      408.23       16.13        0.00        0.00        0.00
 -999.90      317.10      413.83       14.98        0.00        0.00        0.00
 -999.90      296.05      418.99       14.65        0.00        0.00        0.00
 -999.90      276.24      423.89       14.76        0.00        0.00        0.00
 -999.90      257.63      428.86       15.00        0.00        0.00        0.00
 -999.90      240.16      433.92       15.43        0.00        0.00        0.00
 -999.90      223.74      439.04       15.88        0.00        0.00        0.00
 -999.90      208.33      444.40       15.84        0.00        0.00        0.00
 -999.90      193.87      450.18       15.24        0.00        0.00        0.00
 -999.90      180.32      456.51       14.14        0.00        0.00        0.00
 -999.90      167.63      463.24       12.75        0.00        0.00        0.00
 -999.90      155.76      470.19       11.37        0.00        0.00        0.00
 -999.90      144.63      477.31       10.20        0.00        0.00        0.00
 -999.90      134.22      484.62        9.19        0.00        0.00        0.00
 -999.90      124.49      492.04        8.29        0.00        0.00        0.00
 -999.90      115.40      499.66        7.49        0.00        0.00        0.00
 -999.90      106.94      507.46        6.76        0.00        0.00        0.00
 -999.90       99.04      515.33        6.14        0.00        0.00        0.00
 -999.90       91.68      523.20        5.63        0.00        0.00        0.00
 -999.90       84.81      531.11        5.17        0.00        0.00        0.00
 -999.90       78.41      538.96        4.78        0.00        0.00        0.00
 -999.90       72.44      546.68        4.42        0.00        0.00        0.00
 -999.90       66.87      554.32        4.04        0.00        0.00        0.00
 -999.90       61.69      562.04        3.64        0.00        0.00        0.00
 -999.90       56.87      569.69        3.24        0.00        0.00        0.00
 -999.90       52.38      577.20        2.83        0.00        0.00        0.00
 -999.90       48.20      584.78        2.46        0.00        0.00        0.00
 -999.90       44.31      592.51        2.11        0.00        0.00        0.00
 -999.90       40.69      600.40        1.79        0.00        0.00        0.00
 -999.90       37.34      608.37        1.51        0.00        0.00        0.00
 -999.90       34.23      616.50        1.28        0.00        0.00        0.00
 -999.90       31.36      624.81        1.08        0.00        0.00        0.00
 -999.90       28.70      633.90        0.92        0.00        0.00        0.00
 -999.90       26.25      643.89        0.80        0.00        0.00        0.00
 -999.90       24.00      655.08        0.72        0.00        0.00        0.00
 -999.90       21.93      667.06        0.67        0.00        0.00        0.00
 -999.90       20.03      680.14        0.61        0.00        0.00        0.00
 -999.90       18.29      694.04        0.56        0.00        0.00        0.00
 -999.90       16.68      708.55        0.50        0.00        0.00        0.00
 -999.90       15.21      722.96        0.45        0.00        0.00        0.00
 -999.90       13.86      737.18        0.41        0.00        0.00        0.00
 -999.90       12.63      752.23        0.37        0.00        0.00        0.00
 -999.90       11.50      769.22        0.33        0.00        0.00        0.00
 -999.90       10.46      786.49        0.30        0.00        0.00        0.00
 -999.90        9.52      804.01        0.27        0.00        0.00        0.00
 -999.90        8.66      823.36        0.24        0.00        0.00        0.00
 -999.90        7.87      847.75        0.21        0.00        0.00        0.00
 -999.90        7.15      874.05        0.18        0.00        0.00        0.00
 -999.90        6.50      903.09        0.16        0.00        0.00        0.00
 -999.90        5.91      933.61        0.13        0.00        0.00        0.00
 -999.90        5.38      970.42        0.12        0.00        0.00        0.00
 -999.90        4.89     1008.22        0.11        0.00        0.00        0.00
 -999.90        4.46     1045.78        0.11        0.00        0.00        0.00
 -999.90        4.06     1081.78        0.11        0.00        0.00        0.00
 -999.90        3.71     1116.32        0.11        0.00        0.00        0.00
 -999.90        3.39     1152.63        0.11        0.00        0.00        0.00
 -999.90        3.09     1191.68        0.10        0.00        0.00        0.00
 -999.90        2.83     1231.39        0.10        0.00        0.00        0.00
 -999.90        2.59     1270.60        0.10        0.00        0.00        0.00
 -999.90        2.37     1309.61        0.10        0.00        0.00        0.00
 -999.90        2.17     1349.54        0.09        0.00        0.00        0.00
 -999.90        1.98     1392.69        0.09        0.00        0.00        0.00
 -999.90        1.82     1436.01        0.09        0.00        0.00        0.00
 -999.90        1.67     1479.19        0.08        0.00        0.00        0.00
 -999.90        1.53     1521.81        0.08        0.00        0.00        0.00
 -999.90        1.40     1564.75        0.07        0.00        0.00        0.00
 -999.90        1.29     1608.94        0.07        0.00        0.00        0.00
 -999.90        1.18     1653.25        0.06        0.00        0.00        0.00
 -999.90        1.08     1697.98        0.06        0.00        0.00        0.00
 -999.90        1.00     1742.80        0.05        0.00        0.00        0.00
 -999.90        0.91     1788.57        0.05        0.00        0.00        0.00
 -999.90        0.84     1834.30        0.04        0.00        0.00        0.00
 -999.90        0.77     1879.91        0.04        0.00        0.00        0.00
 -999.90        0.71     1925.37        0.03        0.00        0.00        0.00
 -999.90        0.65     1971.15        0.03        0.00        0.00        0.00
 -999.90        0.60     2018.02        0.03        0.00        0.00        0.00
 -999.90        0.55     2069.81        0.02        0.00        0.00        0.00
 -999.90        0.50     2118.21        0.02        0.00        0.00        0.00
 -999.90        0.46     2165.73        0.02        0.00        0.00        0.00
 -999.90        0.42     2214.52        0.02        0.00        0.00        0.00
 -999.90        0.39     2289.22        0.02        0.00        0.00        0.00
 -999.90        0.36     2375.37        0.02        0.00        0.00        0.00
 -999.90        0.33     2456.44        0.01        0.00        0.00        0.00
 -999.90        0.30     2527.67        0.01        0.00        0.00        0.00
 -999.90        0.28     2591.61        0.01        0.00        0.00        0.00
 -999.90        0.26     2653.65        0.01        0.00        0.00        0.00
 -999.90        0.24     2715.90        0.00        0.00        0.00        0.00
 -999.90        0.22     2776.53        0.00        0.00        0.00        0.00
 -999.90        0.20     2858.97        0.00        0.00        0.00        0.00
 -999.90        0.19     2943.36        0.00        0.00        0.00        0.00
1000.00 128 1008.29
 -999.90     1003.25      324.90       80.42        0.00        0.00        0.00
 -999.90      998.23      324.98       79.47        0.00        0.00        0.00
 -999.90      993.22      325.10       78.84        0.00        0.00        0.00
 -999.90      988.24      325.22       78.33        0.00        0.00        0.00
 -999.90      983.27      325.36       77.77        0.00        0.00        0.00
 -999.90      978.32      325.52       77.17        0.00        0.00        0.00
 -999.90      973.39      325.71       76.49        0.00        0.00        0.00
 -999.90      968.47      325.93       75.66        0.00        0.00        0.00
 -999.90      963.58      326.22       74.56        0.00        0.00        0.00
 -999.90      958.71      326.60       73.01        0.00        0.00        0.00
 -999.90      953.85      327.10       71.01        0.00        0.00        0.00
 -999.90      949.01      327.69       68.61        0.00        0.00        0.00
 -999.90      944.20      328.38       65.91        0.00        0.00        0.00
 -999.90      939.40      329.11       63.21        0.00        0.00        0.00
 -999.90      934.63      329.79       60.94        0.00        0.00        0.00
 -999.90      929.88      330.38       59.29        0.00        0.00        0.00
 -999.90      925.15      330.90       58.05        0.00        0.00        0.00
 -999.90      920.44      331.38       57.11        0.00        0.00        0.00
 -999.90      915.75      331.84       56.32        0.00        0.00        0.00
 -999.90      911.09      332.27       55.72        0.00        0.00        0.00
 -999.90      906.45      332.71       55.16        0.00        0.00        0.00
 -999.90      894.62      333.75       54.43        0.00        0.00        0.00
 -999.90      875.87      335.36       53.86        0.00        0.00        0.00
 -999.90      850.60      337.47       53.24        0.00        0.00        0.00
 -999.90      819.36      340.18       51.76        0.00        0.00        0.00
 -999.90      782.76      343.71       48.27        0.00        0.00        0.00
 -999.90      741.54      348.08       43.07        0.00        0.00        0.00
 -999.90      696.50      353.09       37.40        0.00        0.00        0.00
 -999.90      653.91      357.78       34.63        0.00        0.00        0.00
 -999.90      613.64      362.01       33.98        0.00        0.00        0.00
 -999.90      575.62      366.26       33.27        0.00        0.00        0.00
 -999.90      539.72      370.76       32.24        0.00        0.00        0.00
 -999.90      505.82      375.44       31.01        0.00        0.00        0.00
 -999.90      473.82      380.38       29.03        0.00        0.00        0.00
 -999.90      443.63      385.61       26.54        0.00        0.00        0.00
 -999.90      415.19      390.99       23.79        0.00        0.00        0.00
 -999.90      388.40      396.69       20.75        0.00        0.00        0.00
 -999.90      363.19      402.47       18.03        0.00        0.00        0.00
 -999.90      339.45      408.23       16.13        0.00        0.00        0.00
 -999.90      317.10      413.83       14.98        0.00        0.00        0.00
 -999.90      296.05      418.99       14.65        0.00        0.00        0.00
 -999.90      276.24      423.89       14.76        0.00        0.00        0.00
 -999.90      257.63      428.86       15.00        0.00        0.00        0.00
 -999.90      240.16      433.92       15.43        0.00        0.00        0.00
 -999.90      223.74      439.04       15.88        0.00        0.00        0.00
 -999.90      208.33      444.40       15.84        0.00        0.00        0.00
 -999.90      193.87      450.18       15.24        0.00        0.00        0.00
 -999.90      180.32      456.51       14.14        0.00        0.00        0.00
 -999.90      167.63      463.24       12.75        0.00        0.00        0.00
 -999.90      155.76      470.19       11.37        0.00        0.00        0.00
 -999.90      144.63      477.31       10.20        0.00        0.00        0.00
 -999.90      134.22      484.62        9.19        0.00        0.00        0.00
 -999.90      124.49      492.04        8.29        0.00        0.00        0.00
 -999.90      115.40      499.66        7.49        0.00        0.00        0.00
 -999.90      106.94      507.46        6.76        0.00        0.00        0.00
 -999.90       99.04      515.33        6.14        0.00        0.00        0.00
 -999.90       91.68      523.20        5.63        0.00        0.00        0.00
 -999.90       84.81      531.11        5.17        0.00        0.00        0.00
 -999.90       78.41      538.96        4.78        0.00        0.00        0.00
 -999.90       72.44      546.68        4.42        0.00        0.00        0.00
 -999.90       66.87      554.32        4.04        0.00        0.00        0.00
 -999.90       61.69      562.04        3.64        0.00        0.00        0.00
 -999.90       56.87      569.69        3.24        0.00        0.00        0.00
 -999.90       52.38      577.20        2.83        0.00        0.00        0.00
 -999.90       48.20      584.78        2.46        0.00        0.00        0.00
 -999.90       44.31      592.51        2.11        0.00        0.00        0.00
 -999.90       40.69      600.40        1.79        0.00        0.00        0.00
 -999.90       37.34      608.37        1.51        0.00        0.00        0.00
 -999.90       34.23      616.50        1.28        0.00        0.00        0.00
 -999.90       31.36      624.81        1.08        0.00        0.00        0.00
 -999.90       28.70      633.90        0.92        0.00        0.00        0.00
 -999.90       26.25      643.89        0.80        0.00        0.00        0.00
 -999.90       24.00      655.08        0.72        0.00        0.00        0.00
 -999.90       21.93      667.06        0.67        0.00        0.00        0.00
 -999.90       20.03      680.14        0.61        0.00        0.00        0.00
 -999.90       18.29      694.04        0.56        0.00        0.00        0.00
 -999.90       16.68      708.55        0.50        0.00        0.00        0.00
 -999.90       15.21      722.96        0.45        0.00        0.00        0.00
 -999.90       13.86      737.18        0.41        0.00        0.00        0.00
 -999.90       12.63      752.23        0.37        0.00        0.00        0.00
 -999.90       11.50      769.22        0.33        0.00        0.00        0.00
 -999.90       10.46      786.49        0.30        0.00        0.00        0.00
 -999.90        9.52      804.01        0.27        0.00        0.00        0.00
 -999.90        8.66      823.36        0.24        0.00        0.00        0.00
 -999.90        7.87      847.75        0.21        0.00        0.00        0.00
 -999.90        7.15      874.05        0.18        0.00        0.00        0.00
 -999.90        6.50      903.09        0.16        0.00        0.00        0.00
 -999.90        5.91      933.61        0.13        0.00        0.00        0.00
 -999.90        5.38      970.42        0.12        0.00        0.00        0.00
 -999.90        4.89     1008.22        0.11        0.00        0.00        0.00
 -999.90        4.46     1045.78        0.11        0.00        0.00        0.00
 -999.90        4.06     1081.78        0.11        0.00        0.00        0.00
 -999.90        3.71     1116.32        0.11        0.00        0.00        0.00
 -999.90        3.39     1152.63        0.11        0.00        0.00        0.00
 -999.90        3.09     1191.68        0.10        0.00        0.00        0.00
 -999.90        2.83     1231.39        0.10        0.00        0.00        0.00
 -999.90        2.59     1270.60        0.10        0.00        0.00        0.00
 -999.90        2.37     1309.61        0.10        0.00        0.00        0.00
 -999.90        2.17     1349.54        0.09        0.00        0.00        0.00
 -999.90        1.98     1392.69        0.09        0.00        0.00        0.00
 -999.90        1.82     1436.01        0.09        0.00        0.00        0.00
 -999.90        1.67     1479.19        0.08        0.00        0.00        0.00
 -999.90        1.53     1521.81        0.08        0.00        0.00        0.00
 -999.90        1.40     1564.75        0.07        0.00        0.00        0.00
 -999.90        1.29     1608.94        0.07        0.00        0.00        0.00
 -999.90        1.18     1653.25        0.06        0.00        0.00        0.00
 -999.90        1.08     1697.98        0.06        0.00        0.00        0.00
 -999.90        1.00     1742.80        0.05        0.00        0.00        0.00
 -999.90        0.91     1788.57        0.05        0.00        0.00        0.00
 -999.90        0.84     1834.30        0.04        0.00        0.00        0.00
 -999.90        0.77     1879.91        0.04        0.00        0.00        0.00
 -999.90        0.71     1925.37        0.03        0.00        0.00        0.00
 -999.90        0.65     1971.15        0.03        0.00        0.00        0.00
 -999.90        0.60     2018.02        0.03        0.00        0.00        0.00
 -999.90        0.55     2069.81        0.02        0.00        0.00        0.00
 -999.90        0.50     2118.21        0.02        0.00        0.00        0.00
 -999.90        0.46     2165.73        0.02        0.00        0.00        0.00
 -999.90        0.42     2214.52        0.02        0.00        0.00        0.00
 -999.90        0.39     2289.22        0.02        0.00        0.00        0.00
 -999.90        0.36     2375.37        0.02        0.00        0.00        0.00
 -999.90        0.33     2456.44        0.01        0.00        0.00        0.00
 -999.90        0.30     2527.67        0.01        0.00        0.00        0.00
 -999.90        0.28     2591.61        0.01        0.00        0.00        0.00
 -999.90        0.26     2653.65        0.01        0.00        0.00        0.00
 -999.90        0.24     2715.90        0.00        0.00        0.00        0.00
 -999.90        0.22     2776.53        0.00        0.00        0.00        0.00
 -999.90        0.20     2858.97        0.00        0.00        0.00        0.00
 -999.90        0.19     2943.36        0.00        0.00        0.00        0.00

