z[m] p[mb] tpls[K] qls[g/kg] uls vls wls
0.00 80 1008.29
 -999.90     1003.05      317.60       50.52        0.00        0.00        0.00
 -999.90      997.83      317.65       49.70        0.00        0.00        0.00
 -999.90      992.62      317.72       49.35        0.00        0.00        0.00
 -999.90      987.44      317.78       49.12        0.00        0.00        0.00
 -999.90      982.28      317.87       48.86        0.00        0.00        0.00
 -999.90      977.13      317.98       48.53        0.00        0.00        0.00
 -999.90      972.01      318.12       48.09        0.00        0.00        0.00
 -999.90      966.91      318.30       47.52        0.00        0.00        0.00
 -999.90      961.82      318.53       46.79        0.00        0.00        0.00
 -999.90      956.76      318.81       45.90        0.00        0.00        0.00
 -999.90      951.72      319.13       44.89        0.00        0.00        0.00
 -999.90      946.69      319.48       43.80        0.00        0.00        0.00
 -999.90      941.69      319.86       42.69        0.00        0.00        0.00
 -999.90      936.71      320.26       41.61        0.00        0.00        0.00
 -999.90      931.76      320.65       40.62        0.00        0.00        0.00
 -999.90      926.82      321.03       39.71        0.00        0.00        0.00
 -999.90      921.91      321.41       38.91        0.00        0.00        0.00
 -999.90      917.02      321.77       38.21        0.00        0.00        0.00
 -999.90      912.15      322.12       37.57        0.00        0.00        0.00
 -999.90      907.30      322.45       37.04        0.00        0.00        0.00
 -999.90      902.47      322.81       36.46        0.00        0.00        0.00
 -999.90      890.16      323.61       35.37        0.00        0.00        0.00
 -999.90      870.62      325.00       33.64        0.00        0.00        0.00
 -999.90      844.29      326.92       31.53        0.00        0.00        0.00
 -999.90      811.74      329.31       29.31        0.00        0.00        0.00
 -999.90      773.64      332.16       27.13        0.00        0.00        0.00
 -999.90      730.79      335.50       24.96        0.00        0.00        0.00
 -999.90      684.06      339.43       22.80        0.00        0.00        0.00
 -999.90      639.99      343.64       20.56        0.00        0.00        0.00
 -999.90      598.44      347.92       18.32        0.00        0.00        0.00
 -999.90      559.30      352.36       15.99        0.00        0.00        0.00
 -999.90      522.42      356.82       13.95        0.00        0.00        0.00
 -999.90      487.70      361.06       12.37        0.00        0.00        0.00
 -999.90      455.00      365.22       11.06        0.00        0.00        0.00
 -999.90      424.23      369.32       10.00        0.00        0.00        0.00
 -999.90      395.26      373.44        9.11        0.00        0.00        0.00
 -999.90      368.01      377.57        8.36        0.00        0.00        0.00
 -999.90      342.43      381.86        7.63        0.00        0.00        0.00
 -999.90      318.41      386.33        6.88        0.00        0.00        0.00
 -999.90      295.89      390.96        6.12        0.00        0.00        0.00
 -999.90      274.77      395.83        5.35        0.00        0.00        0.00
 -999.90      254.99      400.88        4.59        0.00        0.00        0.00
 -999.90      236.47      406.01        3.92        0.00        0.00        0.00
 -999.90      219.14      411.06        3.40        0.00        0.00        0.00
 -999.90      202.93      416.02        2.97        0.00        0.00        0.00
 -999.90      187.75      421.00        2.59        0.00        0.00        0.00
 -999.90      173.55      425.92        2.24        0.00        0.00        0.00
 -999.90      160.28      430.84        1.91        0.00        0.00        0.00
 -999.90      147.89      435.65        1.61        0.00        0.00        0.00
 -999.90      136.32      440.41        1.32        0.00        0.00        0.00
 -999.90      125.53      445.18        1.06        0.00        0.00        0.00
 -999.90      115.45      449.90        0.83        0.00        0.00        0.00
 -999.90      106.06      454.80        0.63        0.00        0.00        0.00
 -999.90       97.31      459.86        0.46        0.00        0.00        0.00
 -999.90       89.20      465.22        0.33        0.00        0.00        0.00
 -999.90       81.66      470.86        0.23        0.00        0.00        0.00
 -999.90       74.67      476.72        0.17        0.00        0.00        0.00
 -999.90       68.19      483.33        0.12        0.00        0.00        0.00
 -999.90       62.19      490.72        0.09        0.00        0.00        0.00
 -999.90       56.65      499.11        0.07        0.00        0.00        0.00
 -999.90       51.57      509.09        0.06        0.00        0.00        0.00
 -999.90       46.91      521.01        0.05        0.00        0.00        0.00
 -999.90       42.66      534.34        0.04        0.00        0.00        0.00
 -999.90       38.80      548.75        0.04        0.00        0.00        0.00
 -999.90       35.30      564.06        0.04        0.00        0.00        0.00
 -999.90       32.13      580.53        0.03        0.00        0.00        0.00
 -999.90       29.25      596.85        0.03        0.00        0.00        0.00
 -999.90       26.62      612.56        0.03        0.00        0.00        0.00
 -999.90       24.22      628.15        0.03        0.00        0.00        0.00
 -999.90       22.03      644.55        0.02        0.00        0.00        0.00
 -999.90       20.03      661.59        0.02        0.00        0.00        0.00
 -999.90       18.22      680.43        0.02        0.00        0.00        0.00
 -999.90       16.57      697.85        0.02        0.00        0.00        0.00
 -999.90       15.07      714.37        0.02        0.00        0.00        0.00
 -999.90       13.70      733.14        0.01        0.00        0.00        0.00
 -999.90       12.47      763.09        0.01        0.00        0.00        0.00
 -999.90       11.35      801.63        0.01        0.00        0.00        0.00
 -999.90       10.36      848.03        0.00        0.00        0.00        0.00
 -999.90        9.49      892.59        0.00        0.00        0.00        0.00
 -999.90        8.70      938.27        0.00        0.00        0.00        0.00
1000.00 80 1008.29
 -999.90     1003.05      317.60       50.52        0.00        0.00        0.00
 -999.90      997.83      317.65       49.70        0.00        0.00        0.00
 -999.90      992.62      317.72       49.35        0.00        0.00        0.00
 -999.90      987.44      317.78       49.12        0.00        0.00        0.00
 -999.90      982.28      317.87       48.86        0.00        0.00        0.00
 -999.90      977.13      317.98       48.53        0.00        0.00        0.00
 -999.90      972.01      318.12       48.09        0.00        0.00        0.00
 -999.90      966.91      318.30       47.52        0.00        0.00        0.00
 -999.90      961.82      318.53       46.79        0.00        0.00        0.00
 -999.90      956.76      318.81       45.90        0.00        0.00        0.00
 -999.90      951.72      319.13       44.89        0.00        0.00        0.00
 -999.90      946.69      319.48       43.80        0.00        0.00        0.00
 -999.90      941.69      319.86       42.69        0.00        0.00        0.00
 -999.90      936.71      320.26       41.61        0.00        0.00        0.00
 -999.90      931.76      320.65       40.62        0.00        0.00        0.00
 -999.90      926.82      321.03       39.71        0.00        0.00        0.00
 -999.90      921.91      321.41       38.91        0.00        0.00        0.00
 -999.90      917.02      321.77       38.21        0.00        0.00        0.00
 -999.90      912.15      322.12       37.57        0.00        0.00        0.00
 -999.90      907.30      322.45       37.04        0.00        0.00        0.00
 -999.90      902.47      322.81       36.46        0.00        0.00        0.00
 -999.90      890.16      323.61       35.37        0.00        0.00        0.00
 -999.90      870.62      325.00       33.64        0.00        0.00        0.00
 -999.90      844.29      326.92       31.53        0.00        0.00        0.00
 -999.90      811.74      329.31       29.31        0.00        0.00        0.00
 -999.90      773.64      332.16       27.13        0.00        0.00        0.00
 -999.90      730.79      335.50       24.96        0.00        0.00        0.00
 -999.90      684.06      339.43       22.80        0.00        0.00        0.00
 -999.90      639.99      343.64       20.56        0.00        0.00        0.00
 -999.90      598.44      347.92       18.32        0.00        0.00        0.00
 -999.90      559.30      352.36       15.99        0.00        0.00        0.00
 -999.90      522.42      356.82       13.95        0.00        0.00        0.00
 -999.90      487.70      361.06       12.37        0.00        0.00        0.00
 -999.90      455.00      365.22       11.06        0.00        0.00        0.00
 -999.90      424.23      369.32       10.00        0.00        0.00        0.00
 -999.90      395.26      373.44        9.11        0.00        0.00        0.00
 -999.90      368.01      377.57        8.36        0.00        0.00        0.00
 -999.90      342.43      381.86        7.63        0.00        0.00        0.00
 -999.90      318.41      386.33        6.88        0.00        0.00        0.00
 -999.90      295.89      390.96        6.12        0.00        0.00        0.00
 -999.90      274.77      395.83        5.35        0.00        0.00        0.00
 -999.90      254.99      400.88        4.59        0.00        0.00        0.00
 -999.90      236.47      406.01        3.92        0.00        0.00        0.00
 -999.90      219.14      411.06        3.40        0.00        0.00        0.00
 -999.90      202.93      416.02        2.97        0.00        0.00        0.00
 -999.90      187.75      421.00        2.59        0.00        0.00        0.00
 -999.90      173.55      425.92        2.24        0.00        0.00        0.00
 -999.90      160.28      430.84        1.91        0.00        0.00        0.00
 -999.90      147.89      435.65        1.61        0.00        0.00        0.00
 -999.90      136.32      440.41        1.32        0.00        0.00        0.00
 -999.90      125.53      445.18        1.06        0.00        0.00        0.00
 -999.90      115.45      449.90        0.83        0.00        0.00        0.00
 -999.90      106.06      454.80        0.63        0.00        0.00        0.00
 -999.90       97.31      459.86        0.46        0.00        0.00        0.00
 -999.90       89.20      465.22        0.33        0.00        0.00        0.00
 -999.90       81.66      470.86        0.23        0.00        0.00        0.00
 -999.90       74.67      476.72        0.17        0.00        0.00        0.00
 -999.90       68.19      483.33        0.12        0.00        0.00        0.00
 -999.90       62.19      490.72        0.09        0.00        0.00        0.00
 -999.90       56.65      499.11        0.07        0.00        0.00        0.00
 -999.90       51.57      509.09        0.06        0.00        0.00        0.00
 -999.90       46.91      521.01        0.05        0.00        0.00        0.00
 -999.90       42.66      534.34        0.04        0.00        0.00        0.00
 -999.90       38.80      548.75        0.04        0.00        0.00        0.00
 -999.90       35.30      564.06        0.04        0.00        0.00        0.00
 -999.90       32.13      580.53        0.03        0.00        0.00        0.00
 -999.90       29.25      596.85        0.03        0.00        0.00        0.00
 -999.90       26.62      612.56        0.03        0.00        0.00        0.00
 -999.90       24.22      628.15        0.03        0.00        0.00        0.00
 -999.90       22.03      644.55        0.02        0.00        0.00        0.00
 -999.90       20.03      661.59        0.02        0.00        0.00        0.00
 -999.90       18.22      680.43        0.02        0.00        0.00        0.00
 -999.90       16.57      697.85        0.02        0.00        0.00        0.00
 -999.90       15.07      714.37        0.02        0.00        0.00        0.00
 -999.90       13.70      733.14        0.01        0.00        0.00        0.00
 -999.90       12.47      763.09        0.01        0.00        0.00        0.00
 -999.90       11.35      801.63        0.01        0.00        0.00        0.00
 -999.90       10.36      848.03        0.00        0.00        0.00        0.00
 -999.90        9.49      892.59        0.00        0.00        0.00        0.00
 -999.90        8.70      938.27        0.00        0.00        0.00        0.00

