z[m] p[mb] tpls[K] qls[g/kg] uls vls wls
0.00 80 1008.29
 -999.90     1002.82      308.05       29.01        0.00        0.00        0.00
 -999.90      997.37      308.02       28.45        0.00        0.00        0.00
 -999.90      991.93      308.06       28.23        0.00        0.00        0.00
 -999.90      986.52      308.09       28.10        0.00        0.00        0.00
 -999.90      981.14      308.13       27.99        0.00        0.00        0.00
 -999.90      975.77      308.18       27.85        0.00        0.00        0.00
 -999.90      970.42      308.25       27.69        0.00        0.00        0.00
 -999.90      965.10      308.35       27.46        0.00        0.00        0.00
 -999.90      959.80      308.48       27.11        0.00        0.00        0.00
 -999.90      954.52      308.66       26.65        0.00        0.00        0.00
 -999.90      949.26      308.90       26.06        0.00        0.00        0.00
 -999.90      944.03      309.20       25.37        0.00        0.00        0.00
 -999.90      938.81      309.54       24.62        0.00        0.00        0.00
 -999.90      933.63      309.91       23.86        0.00        0.00        0.00
 -999.90      928.47      310.29       23.15        0.00        0.00        0.00
 -999.90      923.33      310.68       22.50        0.00        0.00        0.00
 -999.90      918.21      311.07       21.89        0.00        0.00        0.00
 -999.90      913.13      311.47       21.32        0.00        0.00        0.00
 -999.90      908.06      311.86       20.79        0.00        0.00        0.00
 -999.90      903.02      312.24       20.31        0.00        0.00        0.00
 -999.90      898.00      312.66       19.79        0.00        0.00        0.00
 -999.90      885.21      313.57       18.78        0.00        0.00        0.00
 -999.90      864.92      315.21       17.09        0.00        0.00        0.00
 -999.90      837.61      317.36       15.12        0.00        0.00        0.00
 -999.90      803.89      319.82       13.21        0.00        0.00        0.00
 -999.90      764.50      322.63       11.44        0.00        0.00        0.00
 -999.90      720.27      325.75        9.87        0.00        0.00        0.00
 -999.90      672.15      329.51        8.35        0.00        0.00        0.00
 -999.90      626.84      333.08        7.15        0.00        0.00        0.00
 -999.90      584.15      336.36        6.22        0.00        0.00        0.00
 -999.90      543.93      339.57        5.41        0.00        0.00        0.00
 -999.90      506.06      342.82        4.68        0.00        0.00        0.00
 -999.90      470.42      346.15        4.01        0.00        0.00        0.00
 -999.90      436.92      349.61        3.39        0.00        0.00        0.00
 -999.90      405.46      353.23        2.80        0.00        0.00        0.00
 -999.90      375.94      356.83        2.30        0.00        0.00        0.00
 -999.90      348.25      360.40        1.87        0.00        0.00        0.00
 -999.90      322.29      363.90        1.51        0.00        0.00        0.00
 -999.90      297.97      367.38        1.22        0.00        0.00        0.00
 -999.90      275.18      370.79        0.98        0.00        0.00        0.00
 -999.90      253.85      373.98        0.80        0.00        0.00        0.00
 -999.90      233.87      376.80        0.65        0.00        0.00        0.00
 -999.90      215.17      379.43        0.52        0.00        0.00        0.00
 -999.90      197.68      382.08        0.40        0.00        0.00        0.00
 -999.90      181.34      384.81        0.29        0.00        0.00        0.00
 -999.90      166.11      387.60        0.20        0.00        0.00        0.00
 -999.90      151.91      390.41        0.13        0.00        0.00        0.00
 -999.90      138.70      393.35        0.08        0.00        0.00        0.00
 -999.90      126.43      396.75        0.05        0.00        0.00        0.00
 -999.90      115.05      400.75        0.03        0.00        0.00        0.00
 -999.90      104.55      406.00        0.02        0.00        0.00        0.00
 -999.90       94.89      412.81        0.01        0.00        0.00        0.00
 -999.90       86.06      421.96        0.01        0.00        0.00        0.00
 -999.90       78.04      433.74        0.01        0.00        0.00        0.00
 -999.90       70.80      448.30        0.01        0.00        0.00        0.00
 -999.90       64.28      464.65        0.01        0.00        0.00        0.00
 -999.90       58.40      482.31        0.01        0.00        0.00        0.00
 -999.90       53.09      500.25        0.01        0.00        0.00        0.00
 -999.90       48.31      517.89        0.01        0.00        0.00        0.00
 -999.90       44.00      535.54        0.01        0.00        0.00        0.00
 -999.90       40.11      552.68        0.01        0.00        0.00        0.00
 -999.90       36.57      569.07        0.01        0.00        0.00        0.00
 -999.90       33.34      584.91        0.01        0.00        0.00        0.00
 -999.90       30.38      600.77        0.01        0.00        0.00        0.00
 -999.90       27.67      616.95        0.01        0.00        0.00        0.00
 -999.90       25.20      634.14        0.01        0.00        0.00        0.00
 -999.90       22.96      652.54        0.00        0.00        0.00        0.00
 -999.90       20.93      670.89        0.00        0.00        0.00        0.00
 -999.90       19.09      689.03        0.00        0.00        0.00        0.00
 -999.90       17.41      707.81        0.00        0.00        0.00        0.00
 -999.90       15.87      727.22        0.00        0.00        0.00        0.00
 -999.90       14.48      748.84        0.00        0.00        0.00        0.00
 -999.90       13.21      769.54        0.00        0.00        0.00        0.00
 -999.90       12.05      788.32        0.00        0.00        0.00        0.00
 -999.90       10.99      811.52        0.00        0.00        0.00        0.00
 -999.90       10.03      844.65        0.00        0.00        0.00        0.00
 -999.90        9.17      879.84        0.00        0.00        0.00        0.00
 -999.90        8.39      910.14        0.00        0.00        0.00        0.00
 -999.90        7.69      938.52        0.00        0.00        0.00        0.00
 -999.90        7.04      967.62        0.00        0.00        0.00        0.00
1000.00 80 1008.29
 -999.90     1002.82      308.05       29.01        0.00        0.00        0.00
 -999.90      997.37      308.02       28.45        0.00        0.00        0.00
 -999.90      991.93      308.06       28.23        0.00        0.00        0.00
 -999.90      986.52      308.09       28.10        0.00        0.00        0.00
 -999.90      981.14      308.13       27.99        0.00        0.00        0.00
 -999.90      975.77      308.18       27.85        0.00        0.00        0.00
 -999.90      970.42      308.25       27.69        0.00        0.00        0.00
 -999.90      965.10      308.35       27.46        0.00        0.00        0.00
 -999.90      959.80      308.48       27.11        0.00        0.00        0.00
 -999.90      954.52      308.66       26.65        0.00        0.00        0.00
 -999.90      949.26      308.90       26.06        0.00        0.00        0.00
 -999.90      944.03      309.20       25.37        0.00        0.00        0.00
 -999.90      938.81      309.54       24.62        0.00        0.00        0.00
 -999.90      933.63      309.91       23.86        0.00        0.00        0.00
 -999.90      928.47      310.29       23.15        0.00        0.00        0.00
 -999.90      923.33      310.68       22.50        0.00        0.00        0.00
 -999.90      918.21      311.07       21.89        0.00        0.00        0.00
 -999.90      913.13      311.47       21.32        0.00        0.00        0.00
 -999.90      908.06      311.86       20.79        0.00        0.00        0.00
 -999.90      903.02      312.24       20.31        0.00        0.00        0.00
 -999.90      898.00      312.66       19.79        0.00        0.00        0.00
 -999.90      885.21      313.57       18.78        0.00        0.00        0.00
 -999.90      864.92      315.21       17.09        0.00        0.00        0.00
 -999.90      837.61      317.36       15.12        0.00        0.00        0.00
 -999.90      803.89      319.82       13.21        0.00        0.00        0.00
 -999.90      764.50      322.63       11.44        0.00        0.00        0.00
 -999.90      720.27      325.75        9.87        0.00        0.00        0.00
 -999.90      672.15      329.51        8.35        0.00        0.00        0.00
 -999.90      626.84      333.08        7.15        0.00        0.00        0.00
 -999.90      584.15      336.36        6.22        0.00        0.00        0.00
 -999.90      543.93      339.57        5.41        0.00        0.00        0.00
 -999.90      506.06      342.82        4.68        0.00        0.00        0.00
 -999.90      470.42      346.15        4.01        0.00        0.00        0.00
 -999.90      436.92      349.61        3.39        0.00        0.00        0.00
 -999.90      405.46      353.23        2.80        0.00        0.00        0.00
 -999.90      375.94      356.83        2.30        0.00        0.00        0.00
 -999.90      348.25      360.40        1.87        0.00        0.00        0.00
 -999.90      322.29      363.90        1.51        0.00        0.00        0.00
 -999.90      297.97      367.38        1.22        0.00        0.00        0.00
 -999.90      275.18      370.79        0.98        0.00        0.00        0.00
 -999.90      253.85      373.98        0.80        0.00        0.00        0.00
 -999.90      233.87      376.80        0.65        0.00        0.00        0.00
 -999.90      215.17      379.43        0.52        0.00        0.00        0.00
 -999.90      197.68      382.08        0.40        0.00        0.00        0.00
 -999.90      181.34      384.81        0.29        0.00        0.00        0.00
 -999.90      166.11      387.60        0.20        0.00        0.00        0.00
 -999.90      151.91      390.41        0.13        0.00        0.00        0.00
 -999.90      138.70      393.35        0.08        0.00        0.00        0.00
 -999.90      126.43      396.75        0.05        0.00        0.00        0.00
 -999.90      115.05      400.75        0.03        0.00        0.00        0.00
 -999.90      104.55      406.00        0.02        0.00        0.00        0.00
 -999.90       94.89      412.81        0.01        0.00        0.00        0.00
 -999.90       86.06      421.96        0.01        0.00        0.00        0.00
 -999.90       78.04      433.74        0.01        0.00        0.00        0.00
 -999.90       70.80      448.30        0.01        0.00        0.00        0.00
 -999.90       64.28      464.65        0.01        0.00        0.00        0.00
 -999.90       58.40      482.31        0.01        0.00        0.00        0.00
 -999.90       53.09      500.25        0.01        0.00        0.00        0.00
 -999.90       48.31      517.89        0.01        0.00        0.00        0.00
 -999.90       44.00      535.54        0.01        0.00        0.00        0.00
 -999.90       40.11      552.68        0.01        0.00        0.00        0.00
 -999.90       36.57      569.07        0.01        0.00        0.00        0.00
 -999.90       33.34      584.91        0.01        0.00        0.00        0.00
 -999.90       30.38      600.77        0.01        0.00        0.00        0.00
 -999.90       27.67      616.95        0.01        0.00        0.00        0.00
 -999.90       25.20      634.14        0.01        0.00        0.00        0.00
 -999.90       22.96      652.54        0.00        0.00        0.00        0.00
 -999.90       20.93      670.89        0.00        0.00        0.00        0.00
 -999.90       19.09      689.03        0.00        0.00        0.00        0.00
 -999.90       17.41      707.81        0.00        0.00        0.00        0.00
 -999.90       15.87      727.22        0.00        0.00        0.00        0.00
 -999.90       14.48      748.84        0.00        0.00        0.00        0.00
 -999.90       13.21      769.54        0.00        0.00        0.00        0.00
 -999.90       12.05      788.32        0.00        0.00        0.00        0.00
 -999.90       10.99      811.52        0.00        0.00        0.00        0.00
 -999.90       10.03      844.65        0.00        0.00        0.00        0.00
 -999.90        9.17      879.84        0.00        0.00        0.00        0.00
 -999.90        8.39      910.14        0.00        0.00        0.00        0.00
 -999.90        7.69      938.52        0.00        0.00        0.00        0.00
 -999.90        7.04      967.62        0.00        0.00        0.00        0.00

