z[m] p[mb] tpls[K] qls[g/kg] uls vls wls
0.00 80 1008.29
 -999.90     1002.96      313.95       40.51        0.00        0.00        0.00
 -999.90      997.64      313.96       39.82        0.00        0.00        0.00
 -999.90      992.35      314.00       39.56        0.00        0.00        0.00
 -999.90      987.08      314.04       39.40        0.00        0.00        0.00
 -999.90      981.82      314.10       39.25        0.00        0.00        0.00
 -999.90      976.59      314.16       39.06        0.00        0.00        0.00
 -999.90      971.38      314.26       38.79        0.00        0.00        0.00
 -999.90      966.19      314.39       38.37        0.00        0.00        0.00
 -999.90      961.01      314.60       37.72        0.00        0.00        0.00
 -999.90      955.86      314.88       36.85        0.00        0.00        0.00
 -999.90      950.74      315.22       35.82        0.00        0.00        0.00
 -999.90      945.63      315.61       34.72        0.00        0.00        0.00
 -999.90      940.55      316.02       33.62        0.00        0.00        0.00
 -999.90      935.49      316.45       32.57        0.00        0.00        0.00
 -999.90      930.46      316.88       31.61        0.00        0.00        0.00
 -999.90      925.44      317.30       30.76        0.00        0.00        0.00
 -999.90      920.45      317.70       30.04        0.00        0.00        0.00
 -999.90      915.49      318.09       29.42        0.00        0.00        0.00
 -999.90      910.55      318.47       28.86        0.00        0.00        0.00
 -999.90      905.63      318.83       28.39        0.00        0.00        0.00
 -999.90      900.73      319.21       27.89        0.00        0.00        0.00
 -999.90      888.23      320.09       26.91        0.00        0.00        0.00
 -999.90      868.42      321.62       25.32        0.00        0.00        0.00
 -999.90      841.72      323.68       23.44        0.00        0.00        0.00
 -999.90      808.72      326.14       21.55        0.00        0.00        0.00
 -999.90      770.14      329.06       19.69        0.00        0.00        0.00
 -999.90      726.79      332.46       17.84        0.00        0.00        0.00
 -999.90      679.57      336.61       15.73        0.00        0.00        0.00
 -999.90      635.07      340.83       13.56        0.00        0.00        0.00
 -999.90      593.12      345.10       11.55        0.00        0.00        0.00
 -999.90      553.59      349.30        9.97        0.00        0.00        0.00
 -999.90      516.36      353.24        8.86        0.00        0.00        0.00
 -999.90      481.30      356.94        8.01        0.00        0.00        0.00
 -999.90      448.28      360.65        7.25        0.00        0.00        0.00
 -999.90      417.21      364.50        6.54        0.00        0.00        0.00
 -999.90      387.99      368.49        5.85        0.00        0.00        0.00
 -999.90      360.54      372.63        5.18        0.00        0.00        0.00
 -999.90      334.78      377.02        4.45        0.00        0.00        0.00
 -999.90      310.62      381.62        3.71        0.00        0.00        0.00
 -999.90      287.97      386.15        3.10        0.00        0.00        0.00
 -999.90      266.75      390.58        2.64        0.00        0.00        0.00
 -999.90      246.87      394.86        2.30        0.00        0.00        0.00
 -999.90      228.27      399.12        2.00        0.00        0.00        0.00
 -999.90      210.90      403.61        1.70        0.00        0.00        0.00
 -999.90      194.67      408.18        1.41        0.00        0.00        0.00
 -999.90      179.51      412.58        1.17        0.00        0.00        0.00
 -999.90      165.36      416.72        0.95        0.00        0.00        0.00
 -999.90      152.16      420.60        0.76        0.00        0.00        0.00
 -999.90      139.84      424.35        0.60        0.00        0.00        0.00
 -999.90      128.34      428.09        0.46        0.00        0.00        0.00
 -999.90      117.61      431.85        0.34        0.00        0.00        0.00
 -999.90      107.62      435.72        0.24        0.00        0.00        0.00
 -999.90       98.33      439.94        0.17        0.00        0.00        0.00
 -999.90       89.72      444.47        0.12        0.00        0.00        0.00
 -999.90       81.75      449.56        0.08        0.00        0.00        0.00
 -999.90       74.40      456.06        0.05        0.00        0.00        0.00
 -999.90       67.67      464.32        0.04        0.00        0.00        0.00
 -999.90       61.52      475.33        0.02        0.00        0.00        0.00
 -999.90       55.94      489.15        0.02        0.00        0.00        0.00
 -999.90       50.88      506.10        0.01        0.00        0.00        0.00
 -999.90       46.31      524.69        0.01        0.00        0.00        0.00
 -999.90       42.18      544.51        0.00        0.00        0.00        0.00
 -999.90       38.45      564.64        0.00        0.00        0.00        0.00
 -999.90       35.08      584.18        0.00        0.00        0.00        0.00
 -999.90       32.04      602.50        0.00        0.00        0.00        0.00
 -999.90       29.27      619.56        0.00        0.00        0.00        0.00
 -999.90       26.75      635.63        0.00        0.00        0.00        0.00
 -999.90       24.45      651.23        0.00        0.00        0.00        0.00
 -999.90       22.33      666.81        0.00        0.00        0.00        0.00
 -999.90       20.39      683.14        0.00        0.00        0.00        0.00
 -999.90       18.62      699.93        0.00        0.00        0.00        0.00
 -999.90       16.99      718.75        0.00        0.00        0.00        0.00
 -999.90       15.51      735.60        0.00        0.00        0.00        0.00
 -999.90       14.15      751.55        0.00        0.00        0.00        0.00
 -999.90       12.90      769.97        0.00        0.00        0.00        0.00
 -999.90       11.78      799.24        0.00        0.00        0.00        0.00
 -999.90       10.76      832.16        0.00        0.00        0.00        0.00
 -999.90        9.84      862.38        0.00        0.00        0.00        0.00
 -999.90        9.01      891.24        0.00        0.00        0.00        0.00
 -999.90        8.25      920.84        0.00        0.00        0.00        0.00
1000.00 80 1008.29
 -999.90     1002.96      313.95       40.51        0.00        0.00        0.00
 -999.90      997.64      313.96       39.82        0.00        0.00        0.00
 -999.90      992.35      314.00       39.56        0.00        0.00        0.00
 -999.90      987.08      314.04       39.40        0.00        0.00        0.00
 -999.90      981.82      314.10       39.25        0.00        0.00        0.00
 -999.90      976.59      314.16       39.06        0.00        0.00        0.00
 -999.90      971.38      314.26       38.79        0.00        0.00        0.00
 -999.90      966.19      314.39       38.37        0.00        0.00        0.00
 -999.90      961.01      314.60       37.72        0.00        0.00        0.00
 -999.90      955.86      314.88       36.85        0.00        0.00        0.00
 -999.90      950.74      315.22       35.82        0.00        0.00        0.00
 -999.90      945.63      315.61       34.72        0.00        0.00        0.00
 -999.90      940.55      316.02       33.62        0.00        0.00        0.00
 -999.90      935.49      316.45       32.57        0.00        0.00        0.00
 -999.90      930.46      316.88       31.61        0.00        0.00        0.00
 -999.90      925.44      317.30       30.76        0.00        0.00        0.00
 -999.90      920.45      317.70       30.04        0.00        0.00        0.00
 -999.90      915.49      318.09       29.42        0.00        0.00        0.00
 -999.90      910.55      318.47       28.86        0.00        0.00        0.00
 -999.90      905.63      318.83       28.39        0.00        0.00        0.00
 -999.90      900.73      319.21       27.89        0.00        0.00        0.00
 -999.90      888.23      320.09       26.91        0.00        0.00        0.00
 -999.90      868.42      321.62       25.32        0.00        0.00        0.00
 -999.90      841.72      323.68       23.44        0.00        0.00        0.00
 -999.90      808.72      326.14       21.55        0.00        0.00        0.00
 -999.90      770.14      329.06       19.69        0.00        0.00        0.00
 -999.90      726.79      332.46       17.84        0.00        0.00        0.00
 -999.90      679.57      336.61       15.73        0.00        0.00        0.00
 -999.90      635.07      340.83       13.56        0.00        0.00        0.00
 -999.90      593.12      345.10       11.55        0.00        0.00        0.00
 -999.90      553.59      349.30        9.97        0.00        0.00        0.00
 -999.90      516.36      353.24        8.86        0.00        0.00        0.00
 -999.90      481.30      356.94        8.01        0.00        0.00        0.00
 -999.90      448.28      360.65        7.25        0.00        0.00        0.00
 -999.90      417.21      364.50        6.54        0.00        0.00        0.00
 -999.90      387.99      368.49        5.85        0.00        0.00        0.00
 -999.90      360.54      372.63        5.18        0.00        0.00        0.00
 -999.90      334.78      377.02        4.45        0.00        0.00        0.00
 -999.90      310.62      381.62        3.71        0.00        0.00        0.00
 -999.90      287.97      386.15        3.10        0.00        0.00        0.00
 -999.90      266.75      390.58        2.64        0.00        0.00        0.00
 -999.90      246.87      394.86        2.30        0.00        0.00        0.00
 -999.90      228.27      399.12        2.00        0.00        0.00        0.00
 -999.90      210.90      403.61        1.70        0.00        0.00        0.00
 -999.90      194.67      408.18        1.41        0.00        0.00        0.00
 -999.90      179.51      412.58        1.17        0.00        0.00        0.00
 -999.90      165.36      416.72        0.95        0.00        0.00        0.00
 -999.90      152.16      420.60        0.76        0.00        0.00        0.00
 -999.90      139.84      424.35        0.60        0.00        0.00        0.00
 -999.90      128.34      428.09        0.46        0.00        0.00        0.00
 -999.90      117.61      431.85        0.34        0.00        0.00        0.00
 -999.90      107.62      435.72        0.24        0.00        0.00        0.00
 -999.90       98.33      439.94        0.17        0.00        0.00        0.00
 -999.90       89.72      444.47        0.12        0.00        0.00        0.00
 -999.90       81.75      449.56        0.08        0.00        0.00        0.00
 -999.90       74.40      456.06        0.05        0.00        0.00        0.00
 -999.90       67.67      464.32        0.04        0.00        0.00        0.00
 -999.90       61.52      475.33        0.02        0.00        0.00        0.00
 -999.90       55.94      489.15        0.02        0.00        0.00        0.00
 -999.90       50.88      506.10        0.01        0.00        0.00        0.00
 -999.90       46.31      524.69        0.01        0.00        0.00        0.00
 -999.90       42.18      544.51        0.00        0.00        0.00        0.00
 -999.90       38.45      564.64        0.00        0.00        0.00        0.00
 -999.90       35.08      584.18        0.00        0.00        0.00        0.00
 -999.90       32.04      602.50        0.00        0.00        0.00        0.00
 -999.90       29.27      619.56        0.00        0.00        0.00        0.00
 -999.90       26.75      635.63        0.00        0.00        0.00        0.00
 -999.90       24.45      651.23        0.00        0.00        0.00        0.00
 -999.90       22.33      666.81        0.00        0.00        0.00        0.00
 -999.90       20.39      683.14        0.00        0.00        0.00        0.00
 -999.90       18.62      699.93        0.00        0.00        0.00        0.00
 -999.90       16.99      718.75        0.00        0.00        0.00        0.00
 -999.90       15.51      735.60        0.00        0.00        0.00        0.00
 -999.90       14.15      751.55        0.00        0.00        0.00        0.00
 -999.90       12.90      769.97        0.00        0.00        0.00        0.00
 -999.90       11.78      799.24        0.00        0.00        0.00        0.00
 -999.90       10.76      832.16        0.00        0.00        0.00        0.00
 -999.90        9.84      862.38        0.00        0.00        0.00        0.00
 -999.90        9.01      891.24        0.00        0.00        0.00        0.00
 -999.90        8.25      920.84        0.00        0.00        0.00        0.00

