z[m] p[mb] tp[K] q[g/kg] u[m/s] v[m/s]
0.,  300 1000.0 day,levels,pres0
   10.00   -999 300.00  5.02   0.00   0.00
   26.69   -999 300.00  5.02   0.00   0.00
   43.38   -999 300.00  5.01   0.00   0.00
   60.07   -999 300.00  5.00   0.00   0.00
   76.76   -999 300.00  5.00   0.00   0.00
   93.44   -999 300.00  4.99   0.00   0.00
  110.13   -999 300.00  4.98   0.00   0.00
  126.82   -999 300.00  4.98   0.00   0.00
  143.51   -999 300.00  4.97   0.00   0.00
  160.20   -999 300.00  4.97   0.00   0.00
  176.89   -999 300.00  4.96   0.00   0.00
  193.58   -999 300.00  4.95   0.00   0.00
  210.27   -999 300.00  4.95   0.00   0.00
  226.96   -999 300.00  4.94   0.00   0.00
  243.65   -999 300.00  4.93   0.00   0.00
  260.33   -999 300.00  4.93   0.00   0.00
  277.02   -999 300.00  4.92   0.00   0.00
  293.71   -999 300.00  4.92   0.00   0.00
  310.40   -999 300.00  4.91   0.00   0.00
  327.09   -999 300.00  4.90   0.00   0.00
  343.78   -999 300.00  4.90   0.00   0.00
  360.47   -999 300.00  4.89   0.00   0.00
  377.16   -999 300.00  4.88   0.00   0.00
  393.85   -999 300.00  4.88   0.00   0.00
  410.54   -999 300.00  4.87   0.00   0.00
  427.22   -999 300.00  4.87   0.00   0.00
  443.91   -999 300.00  4.86   0.00   0.00
  460.60   -999 300.00  4.85   0.00   0.00
  477.29   -999 300.00  4.85   0.00   0.00
  493.98   -999 300.00  4.84   0.00   0.00
  510.67   -999 300.00  4.83   0.00   0.00
  527.36   -999 300.00  4.83   0.00   0.00
  544.05   -999 300.00  4.82   0.00   0.00
  560.74   -999 300.00  4.82   0.00   0.00
  577.42   -999 300.00  4.81   0.00   0.00
  594.11   -999 300.00  4.80   0.00   0.00
  610.80   -999 300.00  4.80   0.00   0.00
  627.49   -999 300.00  4.79   0.00   0.00
  644.18   -999 300.00  4.78   0.00   0.00
  660.87   -999 300.00  4.78   0.00   0.00
  677.56   -999 300.00  4.77   0.00   0.00
  694.25   -999 300.00  4.77   0.00   0.00
  710.94   -999 300.00  4.76   0.00   0.00
  727.63   -999 300.00  4.75   0.00   0.00
  744.31   -999 300.00  4.75   0.00   0.00
  761.00   -999 300.00  4.74   0.00   0.00
  777.69   -999 300.00  4.73   0.00   0.00
  794.38   -999 300.00  4.73   0.00   0.00
  811.07   -999 300.00  4.72   0.00   0.00
  827.76   -999 300.00  4.72   0.00   0.00
  844.45   -999 300.00  4.71   0.00   0.00
  861.14   -999 300.00  4.70   0.00   0.00
  877.83   -999 300.00  4.70   0.00   0.00
  894.52   -999 300.00  4.69   0.00   0.00
  911.20   -999 300.00  4.68   0.00   0.00
  927.89   -999 300.00  4.68   0.00   0.00
  944.58   -999 300.00  4.67   0.00   0.00
  961.27   -999 300.00  4.67   0.00   0.00
  977.96   -999 300.00  4.66   0.00   0.00
  994.65   -999 300.00  4.65   0.00   0.00
 1011.34   -999 300.00  4.65   0.00   0.00
 1028.03   -999 300.00  4.64   0.00   0.00
 1044.72   -999 300.00  4.63   0.00   0.00
 1061.40   -999 300.00  4.63   0.00   0.00
 1078.09   -999 300.00  4.62   0.00   0.00
 1094.78   -999 300.00  4.62   0.00   0.00
 1111.47   -999 300.00  4.61   0.00   0.00
 1128.16   -999 300.00  4.60   0.00   0.00
 1144.85   -999 300.00  4.60   0.00   0.00
 1161.54   -999 300.00  4.59   0.00   0.00
 1178.23   -999 300.00  4.58   0.00   0.00
 1194.92   -999 300.00  4.58   0.00   0.00
 1211.61   -999 300.00  4.57   0.00   0.00
 1228.29   -999 300.00  4.57   0.00   0.00
 1244.98   -999 300.00  4.56   0.00   0.00
 1261.67   -999 300.00  4.55   0.00   0.00
 1278.36   -999 300.00  4.55   0.00   0.00
 1295.05   -999 300.00  4.54   0.00   0.00
 1311.74   -999 300.00  4.54   0.00   0.00
 1328.43   -999 300.00  4.53   0.00   0.00
 1345.12   -999 300.00  4.52   0.00   0.00
 1361.81   -999 300.02  4.51   0.00   0.00
 1378.49   -999 300.06  4.49   0.00   0.00
 1395.18   -999 300.09  4.48   0.00   0.00
 1411.87   -999 300.12  4.46   0.00   0.00
 1428.56   -999 300.16  4.45   0.00   0.00
 1445.25   -999 300.19  4.43   0.00   0.00
 1461.94   -999 300.22  4.41   0.00   0.00
 1478.63   -999 300.26  4.40   0.00   0.00
 1495.32   -999 300.29  4.38   0.00   0.00
 1512.01   -999 300.32  4.37   0.00   0.00
 1528.70   -999 300.36  4.35   0.00   0.00
 1545.38   -999 300.39  4.34   0.00   0.00
 1562.07   -999 300.42  4.32   0.00   0.00
 1578.76   -999 300.46  4.30   0.00   0.00
 1595.45   -999 300.49  4.29   0.00   0.00
 1612.14   -999 300.52  4.27   0.00   0.00
 1628.83   -999 300.56  4.26   0.00   0.00
 1645.52   -999 300.59  4.24   0.00   0.00
 1662.21   -999 300.62  4.22   0.00   0.00
 1678.90   -999 300.66  4.21   0.00   0.00
 1695.59   -999 300.69  4.19   0.00   0.00
 1712.27   -999 300.72  4.18   0.00   0.00
 1728.96   -999 300.76  4.16   0.00   0.00
 1745.65   -999 300.79  4.15   0.00   0.00
 1762.34   -999 300.82  4.13   0.00   0.00
 1779.03   -999 300.86  4.11   0.00   0.00
 1795.72   -999 300.89  4.10   0.00   0.00
 1812.41   -999 300.92  4.08   0.00   0.00
 1829.10   -999 300.96  4.07   0.00   0.00
 1845.79   -999 300.99  4.05   0.00   0.00
 1862.47   -999 301.02  4.03   0.00   0.00
 1879.16   -999 301.06  4.02   0.00   0.00
 1895.85   -999 301.09  4.00   0.00   0.00
 1912.54   -999 301.13  3.99   0.00   0.00
 1929.23   -999 301.16  3.97   0.00   0.00
 1945.92   -999 301.19  3.96   0.00   0.00
 1962.61   -999 301.23  3.94   0.00   0.00
 1979.30   -999 301.26  3.92   0.00   0.00
 1995.99   -999 301.29  3.91   0.00   0.00
 2012.68   -999 301.33  3.89   0.00   0.00
 2029.36   -999 301.36  3.88   0.00   0.00
 2046.05   -999 301.39  3.86   0.00   0.00
 2062.74   -999 301.43  3.85   0.00   0.00
 2079.43   -999 301.46  3.83   0.00   0.00
 2096.12   -999 301.49  3.81   0.00   0.00
 2112.81   -999 301.53  3.80   0.00   0.00
 2129.50   -999 301.56  3.78   0.00   0.00
 2146.19   -999 301.59  3.77   0.00   0.00
 2162.88   -999 301.63  3.75   0.00   0.00
 2179.57   -999 301.66  3.73   0.00   0.00
 2196.25   -999 301.69  3.72   0.00   0.00
 2212.94   -999 301.73  3.70   0.00   0.00
 2229.63   -999 301.76  3.69   0.00   0.00
 2246.32   -999 301.79  3.67   0.00   0.00
 2263.01   -999 301.83  3.66   0.00   0.00
 2279.70   -999 301.86  3.64   0.00   0.00
 2296.39   -999 301.89  3.62   0.00   0.00
 2313.08   -999 301.93  3.61   0.00   0.00
 2329.77   -999 301.96  3.59   0.00   0.00
 2346.45   -999 301.99  3.58   0.00   0.00
 2363.14   -999 302.03  3.56   0.00   0.00
 2379.83   -999 302.06  3.54   0.00   0.00
 2396.52   -999 302.09  3.53   0.00   0.00
 2413.21   -999 302.13  3.51   0.00   0.00
 2429.90   -999 302.16  3.50   0.00   0.00
 2446.59   -999 302.19  3.48   0.00   0.00
 2463.28   -999 302.23  3.47   0.00   0.00
 2479.97   -999 302.26  3.45   0.00   0.00
 2496.66   -999 302.29  3.43   0.00   0.00
 2513.34   -999 302.33  3.42   0.00   0.00
 2530.03   -999 302.36  3.40   0.00   0.00
 2546.72   -999 302.39  3.39   0.00   0.00
 2563.41   -999 302.43  3.37   0.00   0.00
 2580.10   -999 302.46  3.36   0.00   0.00
 2596.79   -999 302.49  3.34   0.00   0.00
 2613.48   -999 302.53  3.32   0.00   0.00
 2630.17   -999 302.56  3.31   0.00   0.00
 2646.86   -999 302.59  3.29   0.00   0.00
 2663.55   -999 302.63  3.28   0.00   0.00
 2680.23   -999 302.66  3.26   0.00   0.00
 2696.92   -999 302.69  3.24   0.00   0.00
 2713.61   -999 302.73  3.23   0.00   0.00
 2730.30   -999 302.76  3.21   0.00   0.00
 2746.99   -999 302.79  3.20   0.00   0.00
 2763.68   -999 302.83  3.18   0.00   0.00
 2780.37   -999 302.86  3.17   0.00   0.00
 2797.06   -999 302.89  3.15   0.00   0.00
 2813.75   -999 302.93  3.13   0.00   0.00
 2830.43   -999 302.96  3.12   0.00   0.00
 2847.12   -999 302.99  3.10   0.00   0.00
 2863.81   -999 303.03  3.09   0.00   0.00
 2880.50   -999 303.06  3.07   0.00   0.00
 2897.19   -999 303.09  3.06   0.00   0.00
 2913.88   -999 303.13  3.04   0.00   0.00
 2930.57   -999 303.16  3.02   0.00   0.00
 2947.26   -999 303.19  3.01   0.00   0.00
 2963.95   -999 303.23  2.99   0.00   0.00
 2980.64   -999 303.26  2.98   0.00   0.00
 2997.32   -999 303.29  2.96   0.00   0.00
 3014.01   -999 303.33  2.94   0.00   0.00
 3030.70   -999 303.36  2.93   0.00   0.00
 3047.39   -999 303.39  2.91   0.00   0.00
 3064.08   -999 303.43  2.90   0.00   0.00
 3080.77   -999 303.46  2.88   0.00   0.00
 3097.46   -999 303.49  2.87   0.00   0.00
 3114.15   -999 303.53  2.85   0.00   0.00
 3130.84   -999 303.56  2.83   0.00   0.00
 3147.53   -999 303.60  2.82   0.00   0.00
 3164.21   -999 303.63  2.80   0.00   0.00
 3180.90   -999 303.66  2.79   0.00   0.00
 3197.59   -999 303.70  2.77   0.00   0.00
 3214.28   -999 303.73  2.76   0.00   0.00
 3230.97   -999 303.76  2.74   0.00   0.00
 3247.66   -999 303.80  2.72   0.00   0.00
 3264.35   -999 303.83  2.71   0.00   0.00
 3281.04   -999 303.86  2.69   0.00   0.00
 3297.73   -999 303.90  2.68   0.00   0.00
 3314.41   -999 303.93  2.66   0.00   0.00
 3331.10   -999 303.96  2.65   0.00   0.00
 3347.79   -999 304.00  2.63   0.00   0.00
 3364.48   -999 304.03  2.61   0.00   0.00
 3381.17   -999 304.06  2.60   0.00   0.00
 3397.86   -999 304.10  2.58   0.00   0.00
 3414.55   -999 304.13  2.57   0.00   0.00
 3431.24   -999 304.16  2.55   0.00   0.00
 3447.93   -999 304.20  2.53   0.00   0.00
 3464.62   -999 304.23  2.52   0.00   0.00
 3481.30   -999 304.26  2.50   0.00   0.00
 3497.99   -999 304.30  2.49   0.00   0.00
 3514.68   -999 304.33  2.47   0.00   0.00
 3531.37   -999 304.36  2.46   0.00   0.00
 3548.06   -999 304.40  2.44   0.00   0.00
 3564.75   -999 304.43  2.42   0.00   0.00
 3581.44   -999 304.46  2.41   0.00   0.00
 3598.13   -999 304.50  2.39   0.00   0.00
 3614.82   -999 304.53  2.38   0.00   0.00
 3631.51   -999 304.56  2.36   0.00   0.00
 3648.19   -999 304.60  2.35   0.00   0.00
 3664.88   -999 304.63  2.33   0.00   0.00
 3681.57   -999 304.66  2.31   0.00   0.00
 3698.26   -999 304.70  2.30   0.00   0.00
 3714.95   -999 304.73  2.28   0.00   0.00
 3731.64   -999 304.76  2.27   0.00   0.00
 3748.33   -999 304.80  2.25   0.00   0.00
 3765.02   -999 304.83  2.24   0.00   0.00
 3781.71   -999 304.86  2.22   0.00   0.00
 3798.39   -999 304.90  2.20   0.00   0.00
 3815.08   -999 304.93  2.19   0.00   0.00
 3831.77   -999 304.96  2.17   0.00   0.00
 3848.46   -999 305.00  2.16   0.00   0.00
 3865.15   -999 305.03  2.14   0.00   0.00
 3881.84   -999 305.06  2.13   0.00   0.00
 3898.53   -999 305.10  2.11   0.00   0.00
 3915.22   -999 305.13  2.09   0.00   0.00
 3931.91   -999 305.16  2.08   0.00   0.00
 3948.60   -999 305.20  2.06   0.00   0.00
 3965.28   -999 305.23  2.05   0.00   0.00
 3981.97   -999 305.26  2.03   0.00   0.00
 3998.66   -999 305.30  2.01   0.00   0.00
 4015.35   -999 305.33  2.00   0.00   0.00
 4032.04   -999 305.36  1.98   0.00   0.00
 4048.73   -999 305.40  1.97   0.00   0.00
 4065.42   -999 305.43  1.95   0.00   0.00
 4082.11   -999 305.46  1.94   0.00   0.00
 4098.80   -999 305.50  1.92   0.00   0.00
 4115.48   -999 305.53  1.90   0.00   0.00
 4132.17   -999 305.56  1.89   0.00   0.00
 4148.86   -999 305.60  1.87   0.00   0.00
 4165.55   -999 305.63  1.86   0.00   0.00
 4182.24   -999 305.66  1.84   0.00   0.00
 4198.93   -999 305.70  1.83   0.00   0.00
 4215.62   -999 305.73  1.81   0.00   0.00
 4232.31   -999 305.76  1.79   0.00   0.00
 4249.00   -999 305.80  1.78   0.00   0.00
 4265.69   -999 305.83  1.76   0.00   0.00
 4282.37   -999 305.86  1.75   0.00   0.00
 4299.06   -999 305.90  1.73   0.00   0.00
 4315.75   -999 305.93  1.72   0.00   0.00
 4332.44   -999 305.96  1.70   0.00   0.00
 4349.13   -999 306.00  1.68   0.00   0.00
 4365.82   -999 306.03  1.67   0.00   0.00
 4382.51   -999 306.07  1.65   0.00   0.00
 4399.20   -999 306.10  1.64   0.00   0.00
 4415.89   -999 306.13  1.62   0.00   0.00
 4432.58   -999 306.17  1.61   0.00   0.00
 4449.26   -999 306.20  1.59   0.00   0.00
 4465.95   -999 306.23  1.57   0.00   0.00
 4482.64   -999 306.27  1.56   0.00   0.00
 4499.33   -999 306.30  1.54   0.00   0.00
 4516.02   -999 306.33  1.53   0.00   0.00
 4532.71   -999 306.37  1.51   0.00   0.00
 4549.40   -999 306.40  1.50   0.00   0.00
 4566.09   -999 306.43  1.48   0.00   0.00
 4582.78   -999 306.47  1.46   0.00   0.00
 4599.46   -999 306.50  1.45   0.00   0.00
 4616.15   -999 306.53  1.43   0.00   0.00
 4632.84   -999 306.57  1.42   0.00   0.00
 4649.53   -999 306.60  1.40   0.00   0.00
 4666.22   -999 306.63  1.39   0.00   0.00
 4682.91   -999 306.67  1.37   0.00   0.00
 4699.60   -999 306.70  1.35   0.00   0.00
 4716.29   -999 306.73  1.34   0.00   0.00
 4732.98   -999 306.77  1.32   0.00   0.00
 4749.67   -999 306.80  1.31   0.00   0.00
 4766.35   -999 306.83  1.29   0.00   0.00
 4783.04   -999 306.87  1.28   0.00   0.00
 4799.73   -999 306.90  1.26   0.00   0.00
 4816.42   -999 306.93  1.24   0.00   0.00
 4833.11   -999 306.97  1.23   0.00   0.00
 4849.80   -999 307.00  1.21   0.00   0.00
 4866.49   -999 307.03  1.20   0.00   0.00
 4883.18   -999 307.07  1.18   0.00   0.00
 4899.87   -999 307.10  1.16   0.00   0.00
 4916.56   -999 307.13  1.15   0.00   0.00
 4933.24   -999 307.17  1.13   0.00   0.00
 4949.93   -999 307.20  1.12   0.00   0.00
 4966.62   -999 307.23  1.10   0.00   0.00
 4983.31   -999 307.27  1.09   0.00   0.00
 5000.00   -999 307.30  1.07   0.00   0.00
1000000.,  300 1000.0 day,levels,pres0
   10.00   -999 300.00  5.02   0.00   0.00
   26.69   -999 300.00  5.02   0.00   0.00
   43.38   -999 300.00  5.01   0.00   0.00
   60.07   -999 300.00  5.00   0.00   0.00
   76.76   -999 300.00  5.00   0.00   0.00
   93.44   -999 300.00  4.99   0.00   0.00
  110.13   -999 300.00  4.98   0.00   0.00
  126.82   -999 300.00  4.98   0.00   0.00
  143.51   -999 300.00  4.97   0.00   0.00
  160.20   -999 300.00  4.97   0.00   0.00
  176.89   -999 300.00  4.96   0.00   0.00
  193.58   -999 300.00  4.95   0.00   0.00
  210.27   -999 300.00  4.95   0.00   0.00
  226.96   -999 300.00  4.94   0.00   0.00
  243.65   -999 300.00  4.93   0.00   0.00
  260.33   -999 300.00  4.93   0.00   0.00
  277.02   -999 300.00  4.92   0.00   0.00
  293.71   -999 300.00  4.92   0.00   0.00
  310.40   -999 300.00  4.91   0.00   0.00
  327.09   -999 300.00  4.90   0.00   0.00
  343.78   -999 300.00  4.90   0.00   0.00
  360.47   -999 300.00  4.89   0.00   0.00
  377.16   -999 300.00  4.88   0.00   0.00
  393.85   -999 300.00  4.88   0.00   0.00
  410.54   -999 300.00  4.87   0.00   0.00
  427.22   -999 300.00  4.87   0.00   0.00
  443.91   -999 300.00  4.86   0.00   0.00
  460.60   -999 300.00  4.85   0.00   0.00
  477.29   -999 300.00  4.85   0.00   0.00
  493.98   -999 300.00  4.84   0.00   0.00
  510.67   -999 300.00  4.83   0.00   0.00
  527.36   -999 300.00  4.83   0.00   0.00
  544.05   -999 300.00  4.82   0.00   0.00
  560.74   -999 300.00  4.82   0.00   0.00
  577.42   -999 300.00  4.81   0.00   0.00
  594.11   -999 300.00  4.80   0.00   0.00
  610.80   -999 300.00  4.80   0.00   0.00
  627.49   -999 300.00  4.79   0.00   0.00
  644.18   -999 300.00  4.78   0.00   0.00
  660.87   -999 300.00  4.78   0.00   0.00
  677.56   -999 300.00  4.77   0.00   0.00
  694.25   -999 300.00  4.77   0.00   0.00
  710.94   -999 300.00  4.76   0.00   0.00
  727.63   -999 300.00  4.75   0.00   0.00
  744.31   -999 300.00  4.75   0.00   0.00
  761.00   -999 300.00  4.74   0.00   0.00
  777.69   -999 300.00  4.73   0.00   0.00
  794.38   -999 300.00  4.73   0.00   0.00
  811.07   -999 300.00  4.72   0.00   0.00
  827.76   -999 300.00  4.72   0.00   0.00
  844.45   -999 300.00  4.71   0.00   0.00
  861.14   -999 300.00  4.70   0.00   0.00
  877.83   -999 300.00  4.70   0.00   0.00
  894.52   -999 300.00  4.69   0.00   0.00
  911.20   -999 300.00  4.68   0.00   0.00
  927.89   -999 300.00  4.68   0.00   0.00
  944.58   -999 300.00  4.67   0.00   0.00
  961.27   -999 300.00  4.67   0.00   0.00
  977.96   -999 300.00  4.66   0.00   0.00
  994.65   -999 300.00  4.65   0.00   0.00
 1011.34   -999 300.00  4.65   0.00   0.00
 1028.03   -999 300.00  4.64   0.00   0.00
 1044.72   -999 300.00  4.63   0.00   0.00
 1061.40   -999 300.00  4.63   0.00   0.00
 1078.09   -999 300.00  4.62   0.00   0.00
 1094.78   -999 300.00  4.62   0.00   0.00
 1111.47   -999 300.00  4.61   0.00   0.00
 1128.16   -999 300.00  4.60   0.00   0.00
 1144.85   -999 300.00  4.60   0.00   0.00
 1161.54   -999 300.00  4.59   0.00   0.00
 1178.23   -999 300.00  4.58   0.00   0.00
 1194.92   -999 300.00  4.58   0.00   0.00
 1211.61   -999 300.00  4.57   0.00   0.00
 1228.29   -999 300.00  4.57   0.00   0.00
 1244.98   -999 300.00  4.56   0.00   0.00
 1261.67   -999 300.00  4.55   0.00   0.00
 1278.36   -999 300.00  4.55   0.00   0.00
 1295.05   -999 300.00  4.54   0.00   0.00
 1311.74   -999 300.00  4.54   0.00   0.00
 1328.43   -999 300.00  4.53   0.00   0.00
 1345.12   -999 300.00  4.52   0.00   0.00
 1361.81   -999 300.02  4.51   0.00   0.00
 1378.49   -999 300.06  4.49   0.00   0.00
 1395.18   -999 300.09  4.48   0.00   0.00
 1411.87   -999 300.12  4.46   0.00   0.00
 1428.56   -999 300.16  4.45   0.00   0.00
 1445.25   -999 300.19  4.43   0.00   0.00
 1461.94   -999 300.22  4.41   0.00   0.00
 1478.63   -999 300.26  4.40   0.00   0.00
 1495.32   -999 300.29  4.38   0.00   0.00
 1512.01   -999 300.32  4.37   0.00   0.00
 1528.70   -999 300.36  4.35   0.00   0.00
 1545.38   -999 300.39  4.34   0.00   0.00
 1562.07   -999 300.42  4.32   0.00   0.00
 1578.76   -999 300.46  4.30   0.00   0.00
 1595.45   -999 300.49  4.29   0.00   0.00
 1612.14   -999 300.52  4.27   0.00   0.00
 1628.83   -999 300.56  4.26   0.00   0.00
 1645.52   -999 300.59  4.24   0.00   0.00
 1662.21   -999 300.62  4.22   0.00   0.00
 1678.90   -999 300.66  4.21   0.00   0.00
 1695.59   -999 300.69  4.19   0.00   0.00
 1712.27   -999 300.72  4.18   0.00   0.00
 1728.96   -999 300.76  4.16   0.00   0.00
 1745.65   -999 300.79  4.15   0.00   0.00
 1762.34   -999 300.82  4.13   0.00   0.00
 1779.03   -999 300.86  4.11   0.00   0.00
 1795.72   -999 300.89  4.10   0.00   0.00
 1812.41   -999 300.92  4.08   0.00   0.00
 1829.10   -999 300.96  4.07   0.00   0.00
 1845.79   -999 300.99  4.05   0.00   0.00
 1862.47   -999 301.02  4.03   0.00   0.00
 1879.16   -999 301.06  4.02   0.00   0.00
 1895.85   -999 301.09  4.00   0.00   0.00
 1912.54   -999 301.13  3.99   0.00   0.00
 1929.23   -999 301.16  3.97   0.00   0.00
 1945.92   -999 301.19  3.96   0.00   0.00
 1962.61   -999 301.23  3.94   0.00   0.00
 1979.30   -999 301.26  3.92   0.00   0.00
 1995.99   -999 301.29  3.91   0.00   0.00
 2012.68   -999 301.33  3.89   0.00   0.00
 2029.36   -999 301.36  3.88   0.00   0.00
 2046.05   -999 301.39  3.86   0.00   0.00
 2062.74   -999 301.43  3.85   0.00   0.00
 2079.43   -999 301.46  3.83   0.00   0.00
 2096.12   -999 301.49  3.81   0.00   0.00
 2112.81   -999 301.53  3.80   0.00   0.00
 2129.50   -999 301.56  3.78   0.00   0.00
 2146.19   -999 301.59  3.77   0.00   0.00
 2162.88   -999 301.63  3.75   0.00   0.00
 2179.57   -999 301.66  3.73   0.00   0.00
 2196.25   -999 301.69  3.72   0.00   0.00
 2212.94   -999 301.73  3.70   0.00   0.00
 2229.63   -999 301.76  3.69   0.00   0.00
 2246.32   -999 301.79  3.67   0.00   0.00
 2263.01   -999 301.83  3.66   0.00   0.00
 2279.70   -999 301.86  3.64   0.00   0.00
 2296.39   -999 301.89  3.62   0.00   0.00
 2313.08   -999 301.93  3.61   0.00   0.00
 2329.77   -999 301.96  3.59   0.00   0.00
 2346.45   -999 301.99  3.58   0.00   0.00
 2363.14   -999 302.03  3.56   0.00   0.00
 2379.83   -999 302.06  3.54   0.00   0.00
 2396.52   -999 302.09  3.53   0.00   0.00
 2413.21   -999 302.13  3.51   0.00   0.00
 2429.90   -999 302.16  3.50   0.00   0.00
 2446.59   -999 302.19  3.48   0.00   0.00
 2463.28   -999 302.23  3.47   0.00   0.00
 2479.97   -999 302.26  3.45   0.00   0.00
 2496.66   -999 302.29  3.43   0.00   0.00
 2513.34   -999 302.33  3.42   0.00   0.00
 2530.03   -999 302.36  3.40   0.00   0.00
 2546.72   -999 302.39  3.39   0.00   0.00
 2563.41   -999 302.43  3.37   0.00   0.00
 2580.10   -999 302.46  3.36   0.00   0.00
 2596.79   -999 302.49  3.34   0.00   0.00
 2613.48   -999 302.53  3.32   0.00   0.00
 2630.17   -999 302.56  3.31   0.00   0.00
 2646.86   -999 302.59  3.29   0.00   0.00
 2663.55   -999 302.63  3.28   0.00   0.00
 2680.23   -999 302.66  3.26   0.00   0.00
 2696.92   -999 302.69  3.24   0.00   0.00
 2713.61   -999 302.73  3.23   0.00   0.00
 2730.30   -999 302.76  3.21   0.00   0.00
 2746.99   -999 302.79  3.20   0.00   0.00
 2763.68   -999 302.83  3.18   0.00   0.00
 2780.37   -999 302.86  3.17   0.00   0.00
 2797.06   -999 302.89  3.15   0.00   0.00
 2813.75   -999 302.93  3.13   0.00   0.00
 2830.43   -999 302.96  3.12   0.00   0.00
 2847.12   -999 302.99  3.10   0.00   0.00
 2863.81   -999 303.03  3.09   0.00   0.00
 2880.50   -999 303.06  3.07   0.00   0.00
 2897.19   -999 303.09  3.06   0.00   0.00
 2913.88   -999 303.13  3.04   0.00   0.00
 2930.57   -999 303.16  3.02   0.00   0.00
 2947.26   -999 303.19  3.01   0.00   0.00
 2963.95   -999 303.23  2.99   0.00   0.00
 2980.64   -999 303.26  2.98   0.00   0.00
 2997.32   -999 303.29  2.96   0.00   0.00
 3014.01   -999 303.33  2.94   0.00   0.00
 3030.70   -999 303.36  2.93   0.00   0.00
 3047.39   -999 303.39  2.91   0.00   0.00
 3064.08   -999 303.43  2.90   0.00   0.00
 3080.77   -999 303.46  2.88   0.00   0.00
 3097.46   -999 303.49  2.87   0.00   0.00
 3114.15   -999 303.53  2.85   0.00   0.00
 3130.84   -999 303.56  2.83   0.00   0.00
 3147.53   -999 303.60  2.82   0.00   0.00
 3164.21   -999 303.63  2.80   0.00   0.00
 3180.90   -999 303.66  2.79   0.00   0.00
 3197.59   -999 303.70  2.77   0.00   0.00
 3214.28   -999 303.73  2.76   0.00   0.00
 3230.97   -999 303.76  2.74   0.00   0.00
 3247.66   -999 303.80  2.72   0.00   0.00
 3264.35   -999 303.83  2.71   0.00   0.00
 3281.04   -999 303.86  2.69   0.00   0.00
 3297.73   -999 303.90  2.68   0.00   0.00
 3314.41   -999 303.93  2.66   0.00   0.00
 3331.10   -999 303.96  2.65   0.00   0.00
 3347.79   -999 304.00  2.63   0.00   0.00
 3364.48   -999 304.03  2.61   0.00   0.00
 3381.17   -999 304.06  2.60   0.00   0.00
 3397.86   -999 304.10  2.58   0.00   0.00
 3414.55   -999 304.13  2.57   0.00   0.00
 3431.24   -999 304.16  2.55   0.00   0.00
 3447.93   -999 304.20  2.53   0.00   0.00
 3464.62   -999 304.23  2.52   0.00   0.00
 3481.30   -999 304.26  2.50   0.00   0.00
 3497.99   -999 304.30  2.49   0.00   0.00
 3514.68   -999 304.33  2.47   0.00   0.00
 3531.37   -999 304.36  2.46   0.00   0.00
 3548.06   -999 304.40  2.44   0.00   0.00
 3564.75   -999 304.43  2.42   0.00   0.00
 3581.44   -999 304.46  2.41   0.00   0.00
 3598.13   -999 304.50  2.39   0.00   0.00
 3614.82   -999 304.53  2.38   0.00   0.00
 3631.51   -999 304.56  2.36   0.00   0.00
 3648.19   -999 304.60  2.35   0.00   0.00
 3664.88   -999 304.63  2.33   0.00   0.00
 3681.57   -999 304.66  2.31   0.00   0.00
 3698.26   -999 304.70  2.30   0.00   0.00
 3714.95   -999 304.73  2.28   0.00   0.00
 3731.64   -999 304.76  2.27   0.00   0.00
 3748.33   -999 304.80  2.25   0.00   0.00
 3765.02   -999 304.83  2.24   0.00   0.00
 3781.71   -999 304.86  2.22   0.00   0.00
 3798.39   -999 304.90  2.20   0.00   0.00
 3815.08   -999 304.93  2.19   0.00   0.00
 3831.77   -999 304.96  2.17   0.00   0.00
 3848.46   -999 305.00  2.16   0.00   0.00
 3865.15   -999 305.03  2.14   0.00   0.00
 3881.84   -999 305.06  2.13   0.00   0.00
 3898.53   -999 305.10  2.11   0.00   0.00
 3915.22   -999 305.13  2.09   0.00   0.00
 3931.91   -999 305.16  2.08   0.00   0.00
 3948.60   -999 305.20  2.06   0.00   0.00
 3965.28   -999 305.23  2.05   0.00   0.00
 3981.97   -999 305.26  2.03   0.00   0.00
 3998.66   -999 305.30  2.01   0.00   0.00
 4015.35   -999 305.33  2.00   0.00   0.00
 4032.04   -999 305.36  1.98   0.00   0.00
 4048.73   -999 305.40  1.97   0.00   0.00
 4065.42   -999 305.43  1.95   0.00   0.00
 4082.11   -999 305.46  1.94   0.00   0.00
 4098.80   -999 305.50  1.92   0.00   0.00
 4115.48   -999 305.53  1.90   0.00   0.00
 4132.17   -999 305.56  1.89   0.00   0.00
 4148.86   -999 305.60  1.87   0.00   0.00
 4165.55   -999 305.63  1.86   0.00   0.00
 4182.24   -999 305.66  1.84   0.00   0.00
 4198.93   -999 305.70  1.83   0.00   0.00
 4215.62   -999 305.73  1.81   0.00   0.00
 4232.31   -999 305.76  1.79   0.00   0.00
 4249.00   -999 305.80  1.78   0.00   0.00
 4265.69   -999 305.83  1.76   0.00   0.00
 4282.37   -999 305.86  1.75   0.00   0.00
 4299.06   -999 305.90  1.73   0.00   0.00
 4315.75   -999 305.93  1.72   0.00   0.00
 4332.44   -999 305.96  1.70   0.00   0.00
 4349.13   -999 306.00  1.68   0.00   0.00
 4365.82   -999 306.03  1.67   0.00   0.00
 4382.51   -999 306.07  1.65   0.00   0.00
 4399.20   -999 306.10  1.64   0.00   0.00
 4415.89   -999 306.13  1.62   0.00   0.00
 4432.58   -999 306.17  1.61   0.00   0.00
 4449.26   -999 306.20  1.59   0.00   0.00
 4465.95   -999 306.23  1.57   0.00   0.00
 4482.64   -999 306.27  1.56   0.00   0.00
 4499.33   -999 306.30  1.54   0.00   0.00
 4516.02   -999 306.33  1.53   0.00   0.00
 4532.71   -999 306.37  1.51   0.00   0.00
 4549.40   -999 306.40  1.50   0.00   0.00
 4566.09   -999 306.43  1.48   0.00   0.00
 4582.78   -999 306.47  1.46   0.00   0.00
 4599.46   -999 306.50  1.45   0.00   0.00
 4616.15   -999 306.53  1.43   0.00   0.00
 4632.84   -999 306.57  1.42   0.00   0.00
 4649.53   -999 306.60  1.40   0.00   0.00
 4666.22   -999 306.63  1.39   0.00   0.00
 4682.91   -999 306.67  1.37   0.00   0.00
 4699.60   -999 306.70  1.35   0.00   0.00
 4716.29   -999 306.73  1.34   0.00   0.00
 4732.98   -999 306.77  1.32   0.00   0.00
 4749.67   -999 306.80  1.31   0.00   0.00
 4766.35   -999 306.83  1.29   0.00   0.00
 4783.04   -999 306.87  1.28   0.00   0.00
 4799.73   -999 306.90  1.26   0.00   0.00
 4816.42   -999 306.93  1.24   0.00   0.00
 4833.11   -999 306.97  1.23   0.00   0.00
 4849.80   -999 307.00  1.21   0.00   0.00
 4866.49   -999 307.03  1.20   0.00   0.00
 4883.18   -999 307.07  1.18   0.00   0.00
 4899.87   -999 307.10  1.16   0.00   0.00
 4916.56   -999 307.13  1.15   0.00   0.00
 4933.24   -999 307.17  1.13   0.00   0.00
 4949.93   -999 307.20  1.12   0.00   0.00
 4966.62   -999 307.23  1.10   0.00   0.00
 4983.31   -999 307.27  1.09   0.00   0.00
 5000.00   -999 307.30  1.07   0.00   0.00
