z[m] p[mb] tp[K] q[g/kg] u[m/s] v[m/s]
0.,  250 1017.8 day,levels,pres0
   10.00   -999 289.00  9.08   7.00  -5.50
   30.00   -999 289.00  9.08   7.00  -5.50
   50.00   -999 289.00  9.08   7.00  -5.50
   70.00   -999 289.00  9.08   7.00  -5.50
   90.00   -999 289.00  9.08   7.00  -5.50
  110.00   -999 289.00  9.08   7.00  -5.50
  130.00   -999 289.00  9.08   7.00  -5.50
  150.00   -999 289.00  9.08   7.00  -5.50
  170.00   -999 289.00  9.08   7.00  -5.50
  190.00   -999 289.00  9.08   7.00  -5.50
  210.00   -999 289.00  9.08   7.00  -5.50
  230.00   -999 289.00  9.08   7.00  -5.50
  250.00   -999 289.00  9.08   7.00  -5.50
  270.00   -999 289.00  9.08   7.00  -5.50
  290.00   -999 289.00  9.08   7.00  -5.50
  310.00   -999 289.00  9.08   7.00  -5.50
  330.00   -999 289.00  9.08   7.00  -5.50
  350.00   -999 289.00  9.08   7.00  -5.50
  370.00   -999 289.00  9.08   7.00  -5.50
  390.00   -999 289.00  9.08   7.00  -5.50
  410.00   -999 289.00  9.08   7.00  -5.50
  430.00   -999 289.00  9.08   7.00  -5.50
  450.00   -999 289.00  9.08   7.00  -5.50
  470.00   -999 289.00  9.08   7.00  -5.50
  490.00   -999 289.00  9.08   7.00  -5.50
  510.00   -999 289.00  9.08   7.00  -5.50
  530.00   -999 289.00  9.08   7.00  -5.50
  550.00   -999 289.00  9.08   7.00  -5.50
  570.00   -999 289.00  9.08   7.00  -5.50
  590.00   -999 289.00  9.08   7.00  -5.50
  610.00   -999 289.00  9.08   7.00  -5.50
  630.00   -999 289.00  9.08   7.00  -5.50
  650.00   -999 289.00  9.08   7.00  -5.50
  670.00   -999 289.00  9.08   7.00  -5.50
  690.00   -999 289.00  9.08   7.00  -5.50
  710.00   -999 289.00  9.08   7.00  -5.50
  730.00   -999 289.00  9.08   7.00  -5.50
  750.00   -999 289.00  9.08   7.00  -5.50
  770.00   -999 289.00  9.08   7.00  -5.50
  790.00   -999 289.00  9.08   7.00  -5.50
  810.00   -999 289.00  9.08   7.00  -5.50
  830.00   -999 289.00  9.08   7.00  -5.50
  850.00   -999 299.65  1.50   7.00  -5.50
  870.00   -999 300.61  1.50   7.00  -5.50
  890.00   -999 301.18  1.50   7.00  -5.50
  910.00   -999 301.62  1.50   7.00  -5.50
  930.00   -999 301.98  1.50   7.00  -5.50
  950.00   -999 302.29  1.50   7.00  -5.50
  970.00   -999 302.57  1.50   7.00  -5.50
  990.00   -999 302.81  1.50   7.00  -5.50
 1010.00   -999 303.04  1.50   7.00  -5.50
 1030.00   -999 303.25  1.50   7.00  -5.50
 1050.00   -999 303.44  1.50   7.00  -5.50
 1070.00   -999 303.63  1.50   7.00  -5.50
 1090.00   -999 303.80  1.50   7.00  -5.50
 1110.00   -999 303.96  1.50   7.00  -5.50
 1130.00   -999 304.12  1.50   7.00  -5.50
 1150.00   -999 304.27  1.50   7.00  -5.50
 1170.00   -999 304.41  1.50   7.00  -5.50
 1190.00   -999 304.55  1.50   7.00  -5.50
 1210.00   -999 304.68  1.50   7.00  -5.50
 1230.00   -999 304.81  1.50   7.00  -5.50
 1250.00   -999 304.93  1.50   7.00  -5.50
 1270.00   -999 305.05  1.50   7.00  -5.50
 1290.00   -999 305.16  1.50   7.00  -5.50
 1310.00   -999 305.27  1.50   7.00  -5.50
 1330.00   -999 305.38  1.50   7.00  -5.50
 1350.00   -999 305.49  1.50   7.00  -5.50
 1370.00   -999 305.59  1.50   7.00  -5.50
 1390.00   -999 305.69  1.50   7.00  -5.50
 1410.00   -999 305.79  1.50   7.00  -5.50
 1430.00   -999 305.89  1.50   7.00  -5.50
 1450.00   -999 305.98  1.50   7.00  -5.50
 1470.00   -999 306.07  1.50   7.00  -5.50
 1490.00   -999 306.16  1.50   7.00  -5.50
 1510.00   -999 306.25  1.50   7.00  -5.50
 1530.00   -999 306.34  1.50   7.00  -5.50
 1550.00   -999 306.42  1.50   7.00  -5.50
 1570.00   -999 306.50  1.50   7.00  -5.50
 1590.00   -999 306.59  1.50   7.00  -5.50
 1610.00   -999 306.67  1.50   7.00  -5.50
 1630.00   -999 306.74  1.50   7.00  -5.50
 1650.00   -999 306.82  1.50   7.00  -5.50
 1670.00   -999 306.90  1.50   7.00  -5.50
 1690.00   -999 306.97  1.50   7.00  -5.50
 1710.00   -999 307.05  1.50   7.00  -5.50
 1730.00   -999 307.12  1.50   7.00  -5.50
 1750.00   -999 307.19  1.50   7.00  -5.50
 1770.00   -999 307.26  1.50   7.00  -5.50
 1790.00   -999 307.33  1.50   7.00  -5.50
 1810.00   -999 307.40  1.50   7.00  -5.50
 1830.00   -999 307.47  1.50   7.00  -5.50
 1850.00   -999 307.53  1.50   7.00  -5.50
 1870.00   -999 307.60  1.50   7.00  -5.50
 1890.00   -999 307.66  1.50   7.00  -5.50
 1910.00   -999 307.73  1.50   7.00  -5.50
 1930.00   -999 307.79  1.50   7.00  -5.50
 1950.00   -999 307.85  1.50   7.00  -5.50
 1970.00   -999 307.92  1.50   7.00  -5.50
 1990.00   -999 307.98  1.50   7.00  -5.50
 2010.00   -999 308.04  1.50   7.00  -5.50
 2030.00   -999 308.10  1.50   7.00  -5.50
 2050.00   -999 308.16  1.50   7.00  -5.50
 2070.00   -999 308.21  1.50   7.00  -5.50
 2090.00   -999 308.27  1.50   7.00  -5.50
 2110.00   -999 308.33  1.50   7.00  -5.50
 2130.00   -999 308.39  1.50   7.00  -5.50
 2150.00   -999 308.44  1.50   7.00  -5.50
 2170.00   -999 308.50  1.50   7.00  -5.50
 2190.00   -999 308.55  1.50   7.00  -5.50
 2210.00   -999 308.61  1.50   7.00  -5.50
 2230.00   -999 308.66  1.50   7.00  -5.50
 2250.00   -999 308.71  1.50   7.00  -5.50
 2270.00   -999 308.77  1.50   7.00  -5.50
 2290.00   -999 308.82  1.50   7.00  -5.50
 2310.00   -999 308.87  1.50   7.00  -5.50
 2330.00   -999 308.92  1.50   7.00  -5.50
 2350.00   -999 308.97  1.50   7.00  -5.50
 2370.00   -999 309.02  1.50   7.00  -5.50
 2390.00   -999 309.07  1.50   7.00  -5.50
 2410.00   -999 309.12  1.50   7.00  -5.50
 2430.00   -999 309.17  1.50   7.00  -5.50
 2450.00   -999 309.22  1.50   7.00  -5.50
 2470.00   -999 309.27  1.50   7.00  -5.50
 2490.00   -999 309.32  1.50   7.00  -5.50
 2510.00   -999 309.36  1.50   7.00  -5.50
 2530.00   -999 309.41  1.50   7.00  -5.50
 2550.00   -999 309.46  1.50   7.00  -5.50
 2570.00   -999 309.50  1.50   7.00  -5.50
 2590.00   -999 309.55  1.50   7.00  -5.50
 2610.00   -999 309.60  1.50   7.00  -5.50
 2630.00   -999 309.64  1.50   7.00  -5.50
 2650.00   -999 309.69  1.50   7.00  -5.50
 2670.00   -999 309.73  1.50   7.00  -5.50
 2690.00   -999 309.78  1.50   7.00  -5.50
 2710.00   -999 309.82  1.50   7.00  -5.50
 2730.00   -999 309.86  1.50   7.00  -5.50
 2750.00   -999 309.91  1.50   7.00  -5.50
 2770.00   -999 309.95  1.50   7.00  -5.50
 2790.00   -999 309.99  1.50   7.00  -5.50
 2810.00   -999 310.04  1.50   7.00  -5.50
 2830.00   -999 310.08  1.50   7.00  -5.50
 2850.00   -999 310.12  1.50   7.00  -5.50
 2870.00   -999 310.16  1.50   7.00  -5.50
 2890.00   -999 310.20  1.50   7.00  -5.50
 2910.00   -999 310.24  1.50   7.00  -5.50
 2930.00   -999 310.29  1.50   7.00  -5.50
 2950.00   -999 310.33  1.50   7.00  -5.50
 2970.00   -999 310.37  1.50   7.00  -5.50
 2990.00   -999 310.41  1.50   7.00  -5.50
 3010.00   -999 310.45  1.50   7.00  -5.50
 3030.00   -999 310.49  1.50   7.00  -5.50
 3050.00   -999 310.53  1.50   7.00  -5.50
 3070.00   -999 310.56  1.50   7.00  -5.50
 3090.00   -999 310.60  1.50   7.00  -5.50
 3110.00   -999 310.64  1.50   7.00  -5.50
 3130.00   -999 310.68  1.50   7.00  -5.50
 3150.00   -999 310.72  1.50   7.00  -5.50
 3170.00   -999 310.76  1.50   7.00  -5.50
 3190.00   -999 310.80  1.50   7.00  -5.50
 3210.00   -999 310.83  1.50   7.00  -5.50
 3230.00   -999 310.87  1.50   7.00  -5.50
 3250.00   -999 310.91  1.50   7.00  -5.50
 3270.00   -999 310.94  1.50   7.00  -5.50
 3290.00   -999 310.98  1.50   7.00  -5.50
 3310.00   -999 311.02  1.50   7.00  -5.50
 3330.00   -999 311.05  1.50   7.00  -5.50
 3350.00   -999 311.09  1.50   7.00  -5.50
 3370.00   -999 311.13  1.50   7.00  -5.50
 3390.00   -999 311.16  1.50   7.00  -5.50
 3410.00   -999 311.20  1.50   7.00  -5.50
 3430.00   -999 311.23  1.50   7.00  -5.50
 3450.00   -999 311.27  1.50   7.00  -5.50
 3470.00   -999 311.30  1.50   7.00  -5.50
 3490.00   -999 311.34  1.50   7.00  -5.50
 3510.00   -999 311.37  1.50   7.00  -5.50
 3530.00   -999 311.41  1.50   7.00  -5.50
 3550.00   -999 311.44  1.50   7.00  -5.50
 3570.00   -999 311.48  1.50   7.00  -5.50
 3590.00   -999 311.51  1.50   7.00  -5.50
 3610.00   -999 311.54  1.50   7.00  -5.50
 3630.00   -999 311.58  1.50   7.00  -5.50
 3650.00   -999 311.61  1.50   7.00  -5.50
 3670.00   -999 311.64  1.50   7.00  -5.50
 3690.00   -999 311.68  1.50   7.00  -5.50
 3710.00   -999 311.71  1.50   7.00  -5.50
 3730.00   -999 311.74  1.50   7.00  -5.50
 3750.00   -999 311.78  1.50   7.00  -5.50
 3770.00   -999 311.81  1.50   7.00  -5.50
 3790.00   -999 311.84  1.50   7.00  -5.50
 3810.00   -999 311.87  1.50   7.00  -5.50
 3830.00   -999 311.91  1.50   7.00  -5.50
 3850.00   -999 311.94  1.50   7.00  -5.50
 3870.00   -999 311.97  1.50   7.00  -5.50
 3890.00   -999 312.00  1.50   7.00  -5.50
 3910.00   -999 312.03  1.50   7.00  -5.50
 3930.00   -999 312.07  1.50   7.00  -5.50
 3950.00   -999 312.10  1.50   7.00  -5.50
 3970.00   -999 312.13  1.50   7.00  -5.50
 3990.00   -999 312.16  1.50   7.00  -5.50
 4010.00   -999 312.19  1.50   7.00  -5.50
 4030.00   -999 312.22  1.50   7.00  -5.50
 4050.00   -999 312.25  1.50   7.00  -5.50
 4070.00   -999 312.28  1.50   7.00  -5.50
 4090.00   -999 312.31  1.50   7.00  -5.50
 4110.00   -999 312.34  1.50   7.00  -5.50
 4130.00   -999 312.37  1.50   7.00  -5.50
 4150.00   -999 312.40  1.50   7.00  -5.50
 4170.00   -999 312.43  1.50   7.00  -5.50
 4190.00   -999 312.46  1.50   7.00  -5.50
 4210.00   -999 312.49  1.50   7.00  -5.50
 4230.00   -999 312.52  1.50   7.00  -5.50
 4250.00   -999 312.55  1.50   7.00  -5.50
 4270.00   -999 312.58  1.50   7.00  -5.50
 4290.00   -999 312.61  1.50   7.00  -5.50
 4310.00   -999 312.64  1.50   7.00  -5.50
 4330.00   -999 312.67  1.50   7.00  -5.50
 4350.00   -999 312.70  1.50   7.00  -5.50
 4370.00   -999 312.73  1.50   7.00  -5.50
 4390.00   -999 312.75  1.50   7.00  -5.50
 4410.00   -999 312.78  1.50   7.00  -5.50
 4430.00   -999 312.81  1.50   7.00  -5.50
 4450.00   -999 312.84  1.50   7.00  -5.50
 4470.00   -999 312.87  1.50   7.00  -5.50
 4490.00   -999 312.90  1.50   7.00  -5.50
 4510.00   -999 312.92  1.50   7.00  -5.50
 4530.00   -999 312.95  1.50   7.00  -5.50
 4550.00   -999 312.98  1.50   7.00  -5.50
 4570.00   -999 313.01  1.50   7.00  -5.50
 4590.00   -999 313.04  1.50   7.00  -5.50
 4610.00   -999 313.06  1.50   7.00  -5.50
 4630.00   -999 313.09  1.50   7.00  -5.50
 4650.00   -999 313.12  1.50   7.00  -5.50
 4670.00   -999 313.15  1.50   7.00  -5.50
 4690.00   -999 313.17  1.50   7.00  -5.50
 4710.00   -999 313.20  1.50   7.00  -5.50
 4730.00   -999 313.23  1.50   7.00  -5.50
 4750.00   -999 313.25  1.50   7.00  -5.50
 4770.00   -999 313.28  1.50   7.00  -5.50
 4790.00   -999 313.31  1.50   7.00  -5.50
 4810.00   -999 313.33  1.50   7.00  -5.50
 4830.00   -999 313.36  1.50   7.00  -5.50
 4850.00   -999 313.39  1.50   7.00  -5.50
 4870.00   -999 313.41  1.50   7.00  -5.50
 4890.00   -999 313.44  1.50   7.00  -5.50
 4910.00   -999 313.47  1.50   7.00  -5.50
 4930.00   -999 313.49  1.50   7.00  -5.50
 4950.00   -999 313.52  1.50   7.00  -5.50
 4970.00   -999 313.54  1.50   7.00  -5.50
 4990.00   -999 313.57  1.50   7.00  -5.50
1000000.,  250 1017.8 day,levels,pres0
   10.00   -999 289.00  9.08   7.00  -5.50
   30.00   -999 289.00  9.08   7.00  -5.50
   50.00   -999 289.00  9.08   7.00  -5.50
   70.00   -999 289.00  9.08   7.00  -5.50
   90.00   -999 289.00  9.08   7.00  -5.50
  110.00   -999 289.00  9.08   7.00  -5.50
  130.00   -999 289.00  9.08   7.00  -5.50
  150.00   -999 289.00  9.08   7.00  -5.50
  170.00   -999 289.00  9.08   7.00  -5.50
  190.00   -999 289.00  9.08   7.00  -5.50
  210.00   -999 289.00  9.08   7.00  -5.50
  230.00   -999 289.00  9.08   7.00  -5.50
  250.00   -999 289.00  9.08   7.00  -5.50
  270.00   -999 289.00  9.08   7.00  -5.50
  290.00   -999 289.00  9.08   7.00  -5.50
  310.00   -999 289.00  9.08   7.00  -5.50
  330.00   -999 289.00  9.08   7.00  -5.50
  350.00   -999 289.00  9.08   7.00  -5.50
  370.00   -999 289.00  9.08   7.00  -5.50
  390.00   -999 289.00  9.08   7.00  -5.50
  410.00   -999 289.00  9.08   7.00  -5.50
  430.00   -999 289.00  9.08   7.00  -5.50
  450.00   -999 289.00  9.08   7.00  -5.50
  470.00   -999 289.00  9.08   7.00  -5.50
  490.00   -999 289.00  9.08   7.00  -5.50
  510.00   -999 289.00  9.08   7.00  -5.50
  530.00   -999 289.00  9.08   7.00  -5.50
  550.00   -999 289.00  9.08   7.00  -5.50
  570.00   -999 289.00  9.08   7.00  -5.50
  590.00   -999 289.00  9.08   7.00  -5.50
  610.00   -999 289.00  9.08   7.00  -5.50
  630.00   -999 289.00  9.08   7.00  -5.50
  650.00   -999 289.00  9.08   7.00  -5.50
  670.00   -999 289.00  9.08   7.00  -5.50
  690.00   -999 289.00  9.08   7.00  -5.50
  710.00   -999 289.00  9.08   7.00  -5.50
  730.00   -999 289.00  9.08   7.00  -5.50
  750.00   -999 289.00  9.08   7.00  -5.50
  770.00   -999 289.00  9.08   7.00  -5.50
  790.00   -999 289.00  9.08   7.00  -5.50
  810.00   -999 289.00  9.08   7.00  -5.50
  830.00   -999 289.00  9.08   7.00  -5.50
  850.00   -999 299.65  1.50   7.00  -5.50
  870.00   -999 300.61  1.50   7.00  -5.50
  890.00   -999 301.18  1.50   7.00  -5.50
  910.00   -999 301.62  1.50   7.00  -5.50
  930.00   -999 301.98  1.50   7.00  -5.50
  950.00   -999 302.29  1.50   7.00  -5.50
  970.00   -999 302.57  1.50   7.00  -5.50
  990.00   -999 302.81  1.50   7.00  -5.50
 1010.00   -999 303.04  1.50   7.00  -5.50
 1030.00   -999 303.25  1.50   7.00  -5.50
 1050.00   -999 303.44  1.50   7.00  -5.50
 1070.00   -999 303.63  1.50   7.00  -5.50
 1090.00   -999 303.80  1.50   7.00  -5.50
 1110.00   -999 303.96  1.50   7.00  -5.50
 1130.00   -999 304.12  1.50   7.00  -5.50
 1150.00   -999 304.27  1.50   7.00  -5.50
 1170.00   -999 304.41  1.50   7.00  -5.50
 1190.00   -999 304.55  1.50   7.00  -5.50
 1210.00   -999 304.68  1.50   7.00  -5.50
 1230.00   -999 304.81  1.50   7.00  -5.50
 1250.00   -999 304.93  1.50   7.00  -5.50
 1270.00   -999 305.05  1.50   7.00  -5.50
 1290.00   -999 305.16  1.50   7.00  -5.50
 1310.00   -999 305.27  1.50   7.00  -5.50
 1330.00   -999 305.38  1.50   7.00  -5.50
 1350.00   -999 305.49  1.50   7.00  -5.50
 1370.00   -999 305.59  1.50   7.00  -5.50
 1390.00   -999 305.69  1.50   7.00  -5.50
 1410.00   -999 305.79  1.50   7.00  -5.50
 1430.00   -999 305.89  1.50   7.00  -5.50
 1450.00   -999 305.98  1.50   7.00  -5.50
 1470.00   -999 306.07  1.50   7.00  -5.50
 1490.00   -999 306.16  1.50   7.00  -5.50
 1510.00   -999 306.25  1.50   7.00  -5.50
 1530.00   -999 306.34  1.50   7.00  -5.50
 1550.00   -999 306.42  1.50   7.00  -5.50
 1570.00   -999 306.50  1.50   7.00  -5.50
 1590.00   -999 306.59  1.50   7.00  -5.50
 1610.00   -999 306.67  1.50   7.00  -5.50
 1630.00   -999 306.74  1.50   7.00  -5.50
 1650.00   -999 306.82  1.50   7.00  -5.50
 1670.00   -999 306.90  1.50   7.00  -5.50
 1690.00   -999 306.97  1.50   7.00  -5.50
 1710.00   -999 307.05  1.50   7.00  -5.50
 1730.00   -999 307.12  1.50   7.00  -5.50
 1750.00   -999 307.19  1.50   7.00  -5.50
 1770.00   -999 307.26  1.50   7.00  -5.50
 1790.00   -999 307.33  1.50   7.00  -5.50
 1810.00   -999 307.40  1.50   7.00  -5.50
 1830.00   -999 307.47  1.50   7.00  -5.50
 1850.00   -999 307.53  1.50   7.00  -5.50
 1870.00   -999 307.60  1.50   7.00  -5.50
 1890.00   -999 307.66  1.50   7.00  -5.50
 1910.00   -999 307.73  1.50   7.00  -5.50
 1930.00   -999 307.79  1.50   7.00  -5.50
 1950.00   -999 307.85  1.50   7.00  -5.50
 1970.00   -999 307.92  1.50   7.00  -5.50
 1990.00   -999 307.98  1.50   7.00  -5.50
 2010.00   -999 308.04  1.50   7.00  -5.50
 2030.00   -999 308.10  1.50   7.00  -5.50
 2050.00   -999 308.16  1.50   7.00  -5.50
 2070.00   -999 308.21  1.50   7.00  -5.50
 2090.00   -999 308.27  1.50   7.00  -5.50
 2110.00   -999 308.33  1.50   7.00  -5.50
 2130.00   -999 308.39  1.50   7.00  -5.50
 2150.00   -999 308.44  1.50   7.00  -5.50
 2170.00   -999 308.50  1.50   7.00  -5.50
 2190.00   -999 308.55  1.50   7.00  -5.50
 2210.00   -999 308.61  1.50   7.00  -5.50
 2230.00   -999 308.66  1.50   7.00  -5.50
 2250.00   -999 308.71  1.50   7.00  -5.50
 2270.00   -999 308.77  1.50   7.00  -5.50
 2290.00   -999 308.82  1.50   7.00  -5.50
 2310.00   -999 308.87  1.50   7.00  -5.50
 2330.00   -999 308.92  1.50   7.00  -5.50
 2350.00   -999 308.97  1.50   7.00  -5.50
 2370.00   -999 309.02  1.50   7.00  -5.50
 2390.00   -999 309.07  1.50   7.00  -5.50
 2410.00   -999 309.12  1.50   7.00  -5.50
 2430.00   -999 309.17  1.50   7.00  -5.50
 2450.00   -999 309.22  1.50   7.00  -5.50
 2470.00   -999 309.27  1.50   7.00  -5.50
 2490.00   -999 309.32  1.50   7.00  -5.50
 2510.00   -999 309.36  1.50   7.00  -5.50
 2530.00   -999 309.41  1.50   7.00  -5.50
 2550.00   -999 309.46  1.50   7.00  -5.50
 2570.00   -999 309.50  1.50   7.00  -5.50
 2590.00   -999 309.55  1.50   7.00  -5.50
 2610.00   -999 309.60  1.50   7.00  -5.50
 2630.00   -999 309.64  1.50   7.00  -5.50
 2650.00   -999 309.69  1.50   7.00  -5.50
 2670.00   -999 309.73  1.50   7.00  -5.50
 2690.00   -999 309.78  1.50   7.00  -5.50
 2710.00   -999 309.82  1.50   7.00  -5.50
 2730.00   -999 309.86  1.50   7.00  -5.50
 2750.00   -999 309.91  1.50   7.00  -5.50
 2770.00   -999 309.95  1.50   7.00  -5.50
 2790.00   -999 309.99  1.50   7.00  -5.50
 2810.00   -999 310.04  1.50   7.00  -5.50
 2830.00   -999 310.08  1.50   7.00  -5.50
 2850.00   -999 310.12  1.50   7.00  -5.50
 2870.00   -999 310.16  1.50   7.00  -5.50
 2890.00   -999 310.20  1.50   7.00  -5.50
 2910.00   -999 310.24  1.50   7.00  -5.50
 2930.00   -999 310.29  1.50   7.00  -5.50
 2950.00   -999 310.33  1.50   7.00  -5.50
 2970.00   -999 310.37  1.50   7.00  -5.50
 2990.00   -999 310.41  1.50   7.00  -5.50
 3010.00   -999 310.45  1.50   7.00  -5.50
 3030.00   -999 310.49  1.50   7.00  -5.50
 3050.00   -999 310.53  1.50   7.00  -5.50
 3070.00   -999 310.56  1.50   7.00  -5.50
 3090.00   -999 310.60  1.50   7.00  -5.50
 3110.00   -999 310.64  1.50   7.00  -5.50
 3130.00   -999 310.68  1.50   7.00  -5.50
 3150.00   -999 310.72  1.50   7.00  -5.50
 3170.00   -999 310.76  1.50   7.00  -5.50
 3190.00   -999 310.80  1.50   7.00  -5.50
 3210.00   -999 310.83  1.50   7.00  -5.50
 3230.00   -999 310.87  1.50   7.00  -5.50
 3250.00   -999 310.91  1.50   7.00  -5.50
 3270.00   -999 310.94  1.50   7.00  -5.50
 3290.00   -999 310.98  1.50   7.00  -5.50
 3310.00   -999 311.02  1.50   7.00  -5.50
 3330.00   -999 311.05  1.50   7.00  -5.50
 3350.00   -999 311.09  1.50   7.00  -5.50
 3370.00   -999 311.13  1.50   7.00  -5.50
 3390.00   -999 311.16  1.50   7.00  -5.50
 3410.00   -999 311.20  1.50   7.00  -5.50
 3430.00   -999 311.23  1.50   7.00  -5.50
 3450.00   -999 311.27  1.50   7.00  -5.50
 3470.00   -999 311.30  1.50   7.00  -5.50
 3490.00   -999 311.34  1.50   7.00  -5.50
 3510.00   -999 311.37  1.50   7.00  -5.50
 3530.00   -999 311.41  1.50   7.00  -5.50
 3550.00   -999 311.44  1.50   7.00  -5.50
 3570.00   -999 311.48  1.50   7.00  -5.50
 3590.00   -999 311.51  1.50   7.00  -5.50
 3610.00   -999 311.54  1.50   7.00  -5.50
 3630.00   -999 311.58  1.50   7.00  -5.50
 3650.00   -999 311.61  1.50   7.00  -5.50
 3670.00   -999 311.64  1.50   7.00  -5.50
 3690.00   -999 311.68  1.50   7.00  -5.50
 3710.00   -999 311.71  1.50   7.00  -5.50
 3730.00   -999 311.74  1.50   7.00  -5.50
 3750.00   -999 311.78  1.50   7.00  -5.50
 3770.00   -999 311.81  1.50   7.00  -5.50
 3790.00   -999 311.84  1.50   7.00  -5.50
 3810.00   -999 311.87  1.50   7.00  -5.50
 3830.00   -999 311.91  1.50   7.00  -5.50
 3850.00   -999 311.94  1.50   7.00  -5.50
 3870.00   -999 311.97  1.50   7.00  -5.50
 3890.00   -999 312.00  1.50   7.00  -5.50
 3910.00   -999 312.03  1.50   7.00  -5.50
 3930.00   -999 312.07  1.50   7.00  -5.50
 3950.00   -999 312.10  1.50   7.00  -5.50
 3970.00   -999 312.13  1.50   7.00  -5.50
 3990.00   -999 312.16  1.50   7.00  -5.50
 4010.00   -999 312.19  1.50   7.00  -5.50
 4030.00   -999 312.22  1.50   7.00  -5.50
 4050.00   -999 312.25  1.50   7.00  -5.50
 4070.00   -999 312.28  1.50   7.00  -5.50
 4090.00   -999 312.31  1.50   7.00  -5.50
 4110.00   -999 312.34  1.50   7.00  -5.50
 4130.00   -999 312.37  1.50   7.00  -5.50
 4150.00   -999 312.40  1.50   7.00  -5.50
 4170.00   -999 312.43  1.50   7.00  -5.50
 4190.00   -999 312.46  1.50   7.00  -5.50
 4210.00   -999 312.49  1.50   7.00  -5.50
 4230.00   -999 312.52  1.50   7.00  -5.50
 4250.00   -999 312.55  1.50   7.00  -5.50
 4270.00   -999 312.58  1.50   7.00  -5.50
 4290.00   -999 312.61  1.50   7.00  -5.50
 4310.00   -999 312.64  1.50   7.00  -5.50
 4330.00   -999 312.67  1.50   7.00  -5.50
 4350.00   -999 312.70  1.50   7.00  -5.50
 4370.00   -999 312.73  1.50   7.00  -5.50
 4390.00   -999 312.75  1.50   7.00  -5.50
 4410.00   -999 312.78  1.50   7.00  -5.50
 4430.00   -999 312.81  1.50   7.00  -5.50
 4450.00   -999 312.84  1.50   7.00  -5.50
 4470.00   -999 312.87  1.50   7.00  -5.50
 4490.00   -999 312.90  1.50   7.00  -5.50
 4510.00   -999 312.92  1.50   7.00  -5.50
 4530.00   -999 312.95  1.50   7.00  -5.50
 4550.00   -999 312.98  1.50   7.00  -5.50
 4570.00   -999 313.01  1.50   7.00  -5.50
 4590.00   -999 313.04  1.50   7.00  -5.50
 4610.00   -999 313.06  1.50   7.00  -5.50
 4630.00   -999 313.09  1.50   7.00  -5.50
 4650.00   -999 313.12  1.50   7.00  -5.50
 4670.00   -999 313.15  1.50   7.00  -5.50
 4690.00   -999 313.17  1.50   7.00  -5.50
 4710.00   -999 313.20  1.50   7.00  -5.50
 4730.00   -999 313.23  1.50   7.00  -5.50
 4750.00   -999 313.25  1.50   7.00  -5.50
 4770.00   -999 313.28  1.50   7.00  -5.50
 4790.00   -999 313.31  1.50   7.00  -5.50
 4810.00   -999 313.33  1.50   7.00  -5.50
 4830.00   -999 313.36  1.50   7.00  -5.50
 4850.00   -999 313.39  1.50   7.00  -5.50
 4870.00   -999 313.41  1.50   7.00  -5.50
 4890.00   -999 313.44  1.50   7.00  -5.50
 4910.00   -999 313.47  1.50   7.00  -5.50
 4930.00   -999 313.49  1.50   7.00  -5.50
 4950.00   -999 313.52  1.50   7.00  -5.50
 4970.00   -999 313.54  1.50   7.00  -5.50
 4990.00   -999 313.57  1.50   7.00  -5.50
