   25.00000
   75.00000
  125.00000
  175.00000
  225.00000
  275.00000
  325.00000
  375.00000
  425.00000
  475.00000
  525.00000
  575.00000
  625.00000
  675.00000
  725.00000
  775.00000
  826.33026
  880.65594
  938.72540
 1001.45923
 1069.98169
 1145.65320
 1230.10120
 1325.24487
 1433.30688
 1556.80542
 1698.51416
 1861.38379
 2048.41699
 2262.49951
 2506.19629
 2781.53882
 3089.83569
 3431.53882
 3806.19629
 4212.49951
 4648.41699
 5111.38379
 5598.51367
 6106.80518
 6633.30664
 7175.24463
 7730.10107
 8295.65234
 8869.98047
 9451.45898
10038.72461
10630.65430
11226.32910
11824.99902
12424.99902
13024.99902
13624.99902
14224.99902
14824.99902
15424.99902
16024.99902
16625.00000
17225.00000
17825.00000
18425.00000
19025.00000
19625.00000
20225.00000
20825.00000
21425.00000
22025.00000
22625.00000
23225.00000
23825.00000
24425.00000
25025.00000
25625.00000
26225.00000
26825.00000
27425.00000
28025.00000
28625.00000
29225.00000
29825.00000
30425.00000
31025.00000
31625.00000
32225.00000
32825.00000
33425.00000
34025.00000
34625.00000
35225.00000
35825.00000
36425.00000
37025.00000
37625.00000
38225.00000
38825.00000
39425.00000
