z[m] p[mb] tp[K] q[g/kg] u[m/s] v[m/s]
0.,  100 1005.0 day,levels,pres0
   25.00   -999 294.48  13.56   0.00   0.00
   75.00   -999 294.25  12.86   0.00   0.00
  125.00   -999 294.35  12.88   0.00   0.00
  175.00   -999 294.38  12.81   0.00   0.00
  225.00   -999 294.43  12.77   0.00   0.00
  275.00   -999 294.47  12.71   0.00   0.00
  325.00   -999 294.51  12.66   0.00   0.00
  375.00   -999 294.55  12.59   0.00   0.00
  425.00   -999 294.60  12.52   0.00   0.00
  475.00   -999 294.65  12.42   0.00   0.00
  525.00   -999 294.71  12.31   0.00   0.00
  577.87   -999 294.78  12.16   0.00   0.00
  638.33   -999 294.88  11.95   0.00   0.00
  711.14   -999 295.03  11.65   0.00   0.00
  803.42   -999 295.27  11.23   0.00   0.00
  924.97   -999 295.65  10.68   0.00   0.00
 1087.62   -999 296.21  10.06   0.00   0.00
 1302.81   -999 297.01   9.37   0.00   0.00
 1577.81   -999 298.05   8.62   0.00   0.00
 1912.62   -999 299.34   7.81   0.00   0.00
 2299.97   -999 300.84   6.99   0.00   0.00
 2728.42   -999 302.53   6.17   0.00   0.00
 3186.14   -999 304.49   5.26   0.00   0.00
 3663.33   -999 306.70   4.29   0.00   0.00
 4152.87   -999 308.73   3.46   0.00   0.00
 4650.00   -999 310.64   2.65   0.00   0.00
 5150.00   -999 312.47   2.03   0.00   0.00
 5650.00   -999 314.23   1.54   0.00   0.00
 6150.00   -999 315.85   1.18   0.00   0.00
 6650.00   -999 317.34   0.88   0.00   0.00
 7150.00   -999 318.72   0.66   0.00   0.00
 7650.00   -999 319.99   0.48   0.00   0.00
 8150.00   -999 321.12   0.35   0.00   0.00
 8650.00   -999 322.09   0.24   0.00   0.00
 9150.00   -999 322.92   0.16   0.00   0.00
 9650.00   -999 323.63   0.11   0.00   0.00
10150.00   -999 324.25   0.07   0.00   0.00
10650.00   -999 324.85   0.05   0.00   0.00
11150.00   -999 325.45   0.03   0.00   0.00
11650.00   -999 326.09   0.02   0.00   0.00
12150.00   -999 326.81   0.01   0.00   0.00
12650.00   -999 327.69   0.01   0.00   0.00
13150.00   -999 328.80   0.00   0.00   0.00
13650.00   -999 330.30   0.00   0.00   0.00
14150.00   -999 332.38   0.00   0.00   0.00
14650.00   -999 335.27   0.00   0.00   0.00
15150.00   -999 339.11   0.00   0.00   0.00
15650.00   -999 343.93   0.00   0.00   0.00
16150.00   -999 349.66   0.00   0.00   0.00
16650.00   -999 356.18   0.00   0.00   0.00
17150.00   -999 363.36   0.00   0.00   0.00
17650.00   -999 371.14   0.00   0.00   0.00
18150.00   -999 379.46   0.00   0.00   0.00
18650.00   -999 388.29   0.00   0.00   0.00
19150.00   -999 397.61   0.00   0.00   0.00
19650.00   -999 407.44   0.00   0.00   0.00
20150.00   -999 417.82   0.00   0.00   0.00
20653.84   -999 428.80   0.00   0.00   0.00
21168.31   -999 440.51   0.00   0.00   0.00
21701.25   -999 453.10   0.00   0.00   0.00
22264.72   -999 466.79   0.00   0.00   0.00
22874.97   -999 481.84   0.00   0.00   0.00
23549.25   -999 498.64   0.00   0.00   0.00
24299.25   -999 517.67   0.00   0.00   0.00
25124.97   -999 539.50   0.00   0.00   0.00
26014.72   -999 564.73   0.00   0.00   0.00
26951.25   -999 593.90   0.00   0.00   0.00
27918.31   -999 627.41   0.00   0.00   0.00
28903.84   -999 665.46   0.00   0.00   0.00
29900.00   -999 707.99   0.00   0.00   0.00
30900.00   -999 754.79   0.00   0.00   0.00
31900.00   -999 805.59   0.00   0.00   0.00
32900.00   -999 860.28   0.00   0.00   0.00
33900.00   -999 918.92   0.00   0.00   0.00
34900.00   -999 981.71   0.00   0.00   0.00
35900.00   -999 1048.86  0.00   0.00   0.00
36900.00   -999 1120.48  0.00   0.00   0.00
37900.00   -999 1196.54  0.00   0.00   0.00
38900.00   -999 1276.89  0.00   0.00   0.00
39900.00   -999 1361.21  0.00   0.00   0.00
40900.00   -999 1449.30  0.00   0.00   0.00
41900.00   -999 1541.01  0.00   0.00   0.00
42900.00   -999 1636.31  0.00   0.00   0.00
43900.00   -999 1735.22  0.00   0.00   0.00
44900.00   -999 1837.76  0.00   0.00   0.00
45900.00   -999 1943.98  0.00   0.00   0.00
46900.00   -999 2053.90  0.00   0.00   0.00
47900.00   -999 2167.73  0.00   0.00   0.00
48900.00   -999 2285.81  0.00   0.00   0.00
49900.00   -999 2408.78  0.00   0.00   0.00
50900.00   -999 2537.77  0.00   0.00   0.00
51900.00   -999 2674.25  0.00   0.00   0.00
52900.00   -999 2820.08  0.00   0.00   0.00
53900.00   -999 2977.70  0.00   0.00   0.00
54900.00   -999 3150.17  0.00   0.00   0.00
55900.00   -999 3341.10  0.00   0.00   0.00
56900.00   -999 3554.34  0.00   0.00   0.00
57900.00   -999 3792.14  0.00   0.00   0.00
58900.00   -999 4051.74  0.00   0.00   0.00
59900.00   -999 4310.65  0.00   0.00   0.00
